-16.09,-7.09,55.92
-16.09,-7.18,55.51
-15.91,-7.18,55.82
-15.91,-7.00,55.82
-15.91,-7.09,55.41
-16.18,-7.27,55.92
-15.82,-7.36,55.71
-16.09,-7.27,55.61
-16.09,-7.18,55.92
-16.18,-7.27,55.82
-16.09,-7.09,55.71
-15.91,-7.18,55.82
-16.09,-7.36,55.82
-17.18,-7.91,55.31
-17.27,-11.27,55.10
-16.45,-20.00,54.18
-14.45,-24.91,53.37
-7.55,-32.00,51.53
-3.00,-34.27,51.02
6.00,-35.27,50.20
9.73,-34.73,49.69
11.45,-34.09,49.59
9.09,-35.09,49.49
-0.73,-34.91,50.82
-6.00,-32.91,51.22
-13.91,-25.27,53.16
-16.36,-20.55,54.08
-16.91,-11.00,55.51
-16.18,-7.18,56.02
-13.91,-3.00,56.22
-13.91,-2.64,56.53
-13.91,-3.00,56.33
-13.45,-2.27,57.14
-11.36,0.27,56.94
-10.09,1.09,57.35
-7.73,2.73,57.35
-7.55,3.55,56.84
-6.64,3.82,56.94
-6.73,3.64,57.14
-6.55,3.91,57.04
-6.91,3.91,57.04
-7.45,3.18,57.14
-8.27,3.09,57.04
-9.36,2.18,56.84
-9.36,2.36,56.94
-9.18,2.09,57.04
-9.00,1.82,57.14
-8.91,1.91,57.35
-9.00,2.00,57.14
-8.91,1.91,57.35
-9.09,1.91,57.24
-9.09,1.91,57.04
-8.82,2.09,57.14
-9.09,1.73,57.14
-8.91,1.82,57.24
-9.18,2.09,57.24
-9.18,2.00,57.04
-8.82,2.00,56.84
-9.00,2.00,57.45
-8.91,2.00,56.94
-9.27,1.82,57.14
-9.27,2.27,57.14
-9.00,1.82,57.45
-9.18,1.82,57.14
-9.09,2.00,56.94
-9.18,1.64,57.45
-9.27,2.00,57.24
-9.00,2.09,57.24
-9.00,1.91,56.94
-9.00,2.00,57.14
-8.91,2.00,56.94
-9.00,2.18,57.24
-8.91,2.00,57.14
-9.18,2.00,57.04
-9.00,2.00,57.04
-8.73,2.00,57.04
-8.00,2.82,57.04
-5.18,4.55,56.63
4.73,6.55,56.43
10.91,5.45,55.61
19.64,0.55,53.67
22.55,-3.64,53.16
26.00,-12.64,51.33
25.82,-17.55,50.92
22.36,-26.00,49.80
19.73,-29.09,49.59
16.91,-31.64,49.80
18.55,-30.55,49.49
24.55,-21.91,50.51
25.55,-16.36,50.82
22.82,-4.36,52.65
19.27,0.91,53.47
8.64,6.18,55.71
2.36,6.82,56.53
-7.64,3.18,56.94
-8.91,2.27,56.73
-11.82,-0.36,56.73
-14.45,-3.64,56.33
-16.91,-11.36,55.71
-17.27,-16.18,54.90
-13.91,-25.82,53.27
-10.36,-29.82,52.45
-1.55,-34.82,50.41
3.91,-35.64,50.31
14.18,-33.45,49.08
18.18,-30.27,49.49
23.64,-23.45,49.59
24.82,-20.27,50.00
25.64,-13.09,51.02
25.36,-9.64,51.02
22.36,-2.73,52.35
21.73,-2.09,52.86
23.64,-5.18,51.94
25.55,-9.73,51.12
24.18,-21.55,50.00
16.45,-31.91,49.69
9.64,-34.64,49.69
-4.27,-33.64,50.82
-11.36,-29.27,52.24
-17.55,-15.18,54.90
-16.45,-9.09,55.61
-11.82,0.00,56.73
-9.27,3.36,56.22
-2.09,5.82,56.63
0.64,6.73,56.12
6.73,6.82,55.51
10.45,6.00,54.90
18.18,1.64,53.27
21.82,-1.91,52.55
24.00,-5.82,52.04
23.00,-3.82,52.65
16.36,3.55,53.88
12.00,5.45,55.10
4.00,6.82,55.82
0.27,6.18,56.33
-6.00,4.27,56.73
-8.45,2.27,56.84
-11.91,-0.82,56.53
-13.18,-2.64,56.84
-16.45,-10.00,55.92
-17.00,-12.91,55.92
-16.55,-18.09,55.00
-16.27,-19.82,54.80
-16.36,-19.73,54.80
-16.91,-18.00,54.90
-17.55,-11.82,55.51
-18.73,-7.64,55.31
-15.82,2.27,54.80
-16.73,10.45,51.94
-17.36,23.27,42.24
-16.27,25.09,41.02
-14.73,29.36,37.35
-14.64,30.91,34.59
-15.64,35.18,27.45
-12.36,36.73,25.61
-8.00,37.00,27.24
-6.36,37.82,25.71
-5.09,37.91,26.02
-5.09,39.09,23.37
-6.73,41.73,11.53
-7.82,42.45,-0.61
-9.55,30.27,-35.61
-10.45,19.00,-46.12
-16.64,10.00,-48.37
-17.09,6.73,-49.80
-17.09,-4.27,-52.14
-18.18,-8.27,-51.94
-23.00,-11.45,-48.98
-23.09,-16.00,-48.06
-22.18,-23.45,-46.33
-19.09,-18.64,-49.80
-18.18,-15.36,-51.02
-20.09,-15.36,-50.20
-20.91,-15.36,-49.39
-20.73,-12.45,-50.10
-20.00,-12.18,-50.51
-20.00,-22.00,-48.37
-20.45,-27.91,-45.20
-13.27,-33.36,-46.12
-13.45,-38.82,-42.14
-11.18,-46.55,-34.80
-13.09,-46.64,-33.88
-9.73,-55.27,-19.39
-9.64,-58.55,-2.65
-3.27,-54.55,26.73
-0.45,-46.18,40.31
2.82,-26.45,55.10
3.55,-17.45,57.45
2.82,3.00,57.14
2.64,12.27,53.57
1.00,20.18,48.88
0.45,22.00,47.35
-3.00,29.73,39.80
-4.91,33.45,34.49
-11.73,36.64,26.73
-13.18,37.09,24.39
-12.45,37.91,22.55
-13.18,37.91,21.43
-13.55,41.45,0.61
-13.91,38.73,-16.33
-12.55,25.91,-39.39
-14.09,16.18,-46.63
-14.82,-3.73,-53.06
-14.91,-10.00,-53.16
-29.09,-22.73,-41.43
-32.00,-24.09,-37.45
-32.91,-30.00,-32.86
-30.64,-33.27,-33.16
-29.18,-36.45,-31.53
-28.82,-39.73,-28.57
-29.91,-46.36,-14.08
-32.91,-46.18,-1.22
-28.55,-40.18,32.04
-23.91,-32.27,43.88
-14.18,-17.73,55.10
-11.64,-10.91,56.63
0.18,2.00,57.14
6.45,8.00,54.80
8.55,15.91,50.41
9.55,17.27,49.59
10.27,19.45,47.55
9.82,28.27,39.90
5.45,32.45,35.31
-2.91,36.55,29.59
-8.00,35.27,30.51
-12.91,36.09,26.63
-11.64,37.09,25.20
-10.00,38.18,22.96
-12.55,41.09,6.12
-16.09,28.91,-34.49
-13.91,21.64,-42.76
-17.45,8.27,-48.88
-18.00,7.36,-49.18
-18.45,-0.18,-50.82
-21.82,-8.27,-49.59
-23.82,-26.00,-43.78
-23.55,-32.36,-40.71
-22.00,-39.09,-36.12
-23.73,-43.73,-28.88
-20.27,-47.36,-26.22
-22.91,-47.36,-23.88
-27.09,-50.55,-2.04
-25.27,-49.64,17.96
-15.45,-39.45,42.65
-10.45,-29.82,51.63
-1.91,-12.64,58.06
2.27,-6.18,57.96
6.82,8.18,54.59
7.36,15.82,51.02
9.27,20.09,47.35
6.82,24.82,43.98
3.36,27.18,42.14
1.09,28.36,41.02
-1.82,32.00,36.22
-2.55,34.55,32.24
-2.73,37.36,26.22
-2.18,41.36,15.00
-9.91,40.73,-10.71
-14.55,38.27,-15.92
-16.64,36.64,-18.98
-17.55,38.91,-9.80
-21.55,36.18,16.12
-26.55,27.45,29.90
-25.27,18.00,41.63
-25.27,16.64,42.55
-21.82,18.91,43.27
-15.27,20.55,45.61
23.36,14.64,45.10
39.73,6.82,34.59
53.91,-2.27,-1.84
50.27,-4.00,-22.65
29.82,-0.18,-48.57
15.09,4.27,-53.88
-9.00,12.27,-50.00
-17.64,19.00,-42.35
-12.09,16.73,-46.84
28.18,4.73,-48.06
47.91,-0.36,-26.43
44.91,-4.64,30.82
30.36,-5.45,47.35
-3.73,-3.45,57.65
-18.09,-2.45,54.18
-29.64,-1.36,47.14
-37.45,5.82,37.35
-43.73,8.55,23.78
-47.45,5.36,14.80
-49.18,1.45,-0.71
-48.36,0.45,-9.39
-40.73,-0.36,-28.57
-36.45,5.00,-34.08
-16.55,14.27,-45.82
0.82,16.36,-50.20
24.36,12.09,-46.94
33.18,11.36,-41.22
42.64,9.09,-32.24
45.45,6.73,-29.39
50.55,4.73,-18.37
52.09,6.18,-8.37
43.27,10.18,28.16
33.27,11.82,40.00
-11.27,26.73,40.61
-8.00,24.91,43.78
-17.91,31.00,31.63
-11.36,30.36,36.33
9.91,29.64,37.86
24.00,24.73,36.63
47.18,14.82,12.35
49.36,13.09,-9.90
36.64,11.82,-38.06
27.27,11.36,-46.12
11.64,16.82,-48.57
-0.55,23.36,-44.18
-22.91,26.82,-29.49
-31.18,27.82,-17.24
-32.82,28.18,16.33
-27.91,25.64,30.31
-9.91,23.00,44.90
-2.09,19.64,48.57
6.27,16.91,50.31
6.45,14.36,51.94
3.73,9.55,54.29
-0.82,6.45,55.71
-13.45,-0.82,55.51
-15.64,-1.27,54.90
-15.45,0.64,54.90
-11.00,6.73,54.08
-0.18,15.45,51.53
4.27,23.09,45.82
6.36,26.00,42.45
7.64,28.36,39.69
8.09,32.09,34.49
7.45,41.82,7.14
4.45,41.82,-11.12
-4.73,28.00,-38.98
-9.55,19.82,-45.20
-16.91,-5.45,-51.53
-21.36,-20.00,-47.65
-31.82,-36.55,-26.94
-34.00,-39.27,-19.69
-34.45,-36.00,-24.18
-31.82,-27.73,-35.51
-12.36,3.82,-52.35
-1.09,23.27,-44.80
8.18,42.73,-2.86
8.27,40.45,16.43
-4.91,29.82,39.29
-9.00,16.36,49.69
-24.91,-6.82,50.92
-29.45,-18.91,46.12
-36.00,-34.64,27.86
-39.64,-37.91,10.61
-37.64,-27.45,-27.65
-31.73,-15.91,-40.41
-16.55,4.36,-50.10
-11.45,14.09,-48.06
-8.27,31.36,-33.67
-8.55,35.82,-25.51
-8.36,37.09,-23.06
-8.73,35.45,-26.02
-20.82,20.36,-39.08
-28.27,9.73,-40.10
-45.09,-9.00,-20.92
-49.00,-13.55,-5.10
-46.55,-12.00,22.86
-41.00,-6.27,34.80
-22.91,13.00,46.43
-16.45,18.82,46.02
-5.55,24.00,44.59
-2.55,26.18,42.65
-2.64,27.27,41.73
-2.27,28.27,40.51
0.91,30.73,37.55
1.55,36.27,28.67
-4.09,40.00,-17.24
-9.09,31.55,-32.86
-13.73,8.91,-49.80
-6.82,-6.91,-55.71
-10.91,-31.09,-48.47
-9.73,-39.91,-42.45
-11.73,-52.27,-24.80
-13.45,-56.00,-12.04
-13.09,-55.45,18.37
-11.73,-41.36,43.27
-9.55,-36.55,47.76
-17.18,-42.18,38.78
-17.45,-47.91,31.12
-17.55,-55.55,8.78
-19.91,-54.27,-6.43
-28.18,-27.55,-39.18
-27.36,-9.82,-45.00
-23.18,21.55,-36.02
-20.36,33.45,-20.71
-22.18,34.73,18.98
-15.82,30.91,32.65
-14.64,17.64,47.35
-11.55,14.36,50.61
-9.00,1.91,55.71
-8.91,-3.27,56.84
-13.27,-11.09,55.92
-16.27,-13.64,54.90
-18.55,-13.55,53.67
-19.45,-12.27,53.27
-17.82,-10.73,54.49
-16.18,-9.91,55.10
-16.45,-10.18,54.69
-17.55,-9.45,54.69
-19.27,-7.00,53.88
-18.64,-4.73,54.18
-18.18,-3.73,54.08
-18.18,-4.00,53.98
-17.09,-2.82,54.49
-16.64,-2.36,54.29
-16.27,-1.18,54.69
-16.09,-0.36,54.49
-16.45,-1.36,54.39
-16.45,-2.00,54.49
-17.36,-2.09,54.39
-20.91,-2.18,52.86
-33.18,5.73,41.33
-37.73,12.09,31.94
-39.91,21.18,11.22
-39.73,22.27,-1.53
-14.27,13.36,-47.65
6.55,9.00,-53.16
35.00,-10.18,-45.51
45.82,-17.00,-31.43
47.91,-18.00,-27.14
44.27,-16.45,-34.39
10.18,4.64,-54.08
-6.64,18.64,-46.43
-24.82,33.36,-15.51
-26.64,35.18,2.76
-23.64,27.36,32.35
-18.45,23.36,40.82
-3.91,15.55,51.63
10.27,6.27,54.39
17.09,1.45,53.57
29.36,-7.64,48.57
31.73,-13.45,46.12
35.73,-24.27,39.18
39.09,-27.27,33.98
46.82,-33.18,10.20
46.27,-35.91,-5.82
32.09,-33.09,-39.29
23.18,-27.45,-48.78
4.00,-9.91,-56.63
-5.18,2.09,-54.69
-10.55,19.27,-45.00
-10.55,23.09,-41.84
-8.18,19.36,-45.51
-3.09,13.27,-50.82
20.36,-8.64,-54.18
29.91,-18.18,-47.96
44.45,-33.64,-21.22
47.00,-35.18,1.12
33.09,-24.82,41.73
19.00,-15.09,53.37
-8.27,2.00,55.61
-17.91,8.18,51.12
-34.09,16.00,33.67
-37.64,20.18,22.55
-36.82,23.36,-13.67
-36.18,14.00,-28.06
-26.55,5.09,-43.57
-22.27,1.27,-47.35
-10.91,-6.55,-54.18
-4.73,-13.73,-55.71
24.55,-24.36,-49.49
36.91,-29.18,-37.14
44.27,-36.91,-16.12
45.82,-37.82,-2.86
44.00,-35.64,16.53
41.82,-35.55,21.63
36.64,-34.91,31.43
34.36,-33.82,35.00
30.64,-35.82,37.04
29.64,-35.36,38.57
27.27,-36.00,40.00
29.00,-35.00,39.39
35.18,-36.18,32.04
38.09,-38.91,24.39
43.09,-41.09,2.04
44.36,-38.45,-11.94
35.45,-26.55,-40.51
13.73,-20.73,-54.39
-17.00,-2.73,-51.53
-25.73,3.73,-44.59
-34.45,20.82,-23.47
-33.73,29.45,5.31
-27.45,31.00,20.20
-18.09,29.91,32.96
-12.64,26.82,39.80
-1.73,22.73,45.92
-1.09,19.91,48.37
0.82,11.36,53.47
0.00,7.45,54.90
0.91,0.09,57.24
1.09,-5.18,57.86
0.45,-13.91,57.86
-1.82,-19.36,56.73
-6.45,-24.45,54.80
-9.45,-28.09,52.76
-4.18,-24.00,55.00
-0.09,-22.91,55.92
-1.27,-19.64,56.94
-5.45,-18.55,56.84
-11.09,-17.09,55.82
-12.36,-17.64,55.41
-14.09,-25.64,52.14
-12.09,-29.27,51.63
-8.36,-26.82,53.47
-7.36,-18.45,56.43
-14.64,2.00,54.39
-11.82,14.45,50.10
7.09,27.36,41.22
16.36,22.45,42.76
26.18,3.91,48.47
35.64,-8.55,42.55
40.91,-32.45,26.94
36.36,-41.55,23.27
25.00,-53.18,15.00
23.64,-54.27,12.14
18.09,-50.09,29.08
14.00,-45.73,37.96
14.18,-41.91,42.04
13.82,-42.00,42.14
12.82,-40.18,44.08
13.64,-40.45,43.78
16.91,-36.45,45.61
20.45,-34.09,45.51
29.45,-28.73,42.76
33.64,-25.00,40.92
41.55,-18.18,35.51
42.27,-13.27,35.00
47.91,-3.82,25.51
51.18,-3.64,17.04
53.73,-4.64,2.14
53.73,-5.00,1.12
53.55,-5.00,3.78
52.82,-3.36,6.84
48.55,-4.00,23.27
41.73,-8.73,36.22
40.36,-9.91,38.06
43.55,-6.09,33.47
43.00,-5.64,33.98
43.36,-4.00,33.37
44.27,-5.73,32.35
44.91,-8.36,30.92
46.00,-8.82,28.78
48.91,-18.00,21.53
50.18,-20.64,17.65
49.45,-25.36,13.88
49.27,-28.82,9.49
46.91,-35.64,2.35
45.36,-37.91,-0.92
43.45,-40.55,-2.96
40.09,-44.45,-4.18
33.27,-49.73,-5.31
32.55,-50.73,-3.47
29.73,-52.64,-2.96
27.27,-54.18,-3.27
18.64,-57.64,0.51
19.36,-57.36,2.55
21.91,-56.55,2.76
21.45,-56.73,3.98
21.91,-55.82,9.08
22.18,-55.00,12.45
20.73,-55.27,13.67
21.82,-55.18,13.06
20.45,-56.00,9.69
19.82,-56.82,6.22
19.45,-57.09,7.45
21.64,-55.91,9.49
29.18,-49.82,17.24
29.82,-48.00,21.22
29.00,-44.18,28.98
29.82,-40.55,32.86
35.00,-31.73,35.92
37.73,-29.00,34.59
33.00,-25.82,41.63
28.73,-24.36,46.22
22.00,-21.45,51.33
14.36,-17.45,54.90
-7.27,-2.82,57.14
-16.73,2.82,53.67
-20.27,3.73,51.53
-26.45,5.82,47.65
-33.55,14.82,35.41
-36.27,19.00,26.94
-38.91,21.18,17.24
-37.73,23.45,15.61
-33.55,27.36,16.53
-32.27,27.91,19.18
-28.82,30.45,19.18
-27.36,32.18,18.16
-27.09,32.00,20.41
-24.18,30.91,25.61
-26.36,27.18,29.49
-26.18,22.73,36.02
-21.82,22.27,40.31
-22.91,12.09,46.94
-20.18,7.64,50.82
-9.09,3.45,55.71
-4.18,3.27,56.53
5.45,9.91,53.78
9.09,13.09,51.63
10.09,15.27,50.31
11.45,19.64,46.84
10.91,29.18,38.27
10.91,33.91,30.71
4.45,40.64,16.84
0.45,41.55,12.86
-3.45,42.27,10.31
-5.55,41.82,9.59
-16.91,40.18,2.76
-21.18,37.64,-7.35
-31.36,29.00,-13.98
-34.73,27.00,-9.90
-39.91,22.36,5.41
-39.64,21.73,12.76
-36.00,22.73,21.12
-35.82,22.45,22.04
-39.45,19.73,17.76
-41.45,18.82,13.47
-39.55,20.45,16.43
-39.18,20.73,16.73
-40.00,19.45,16.94
-38.45,18.91,22.55
-23.91,21.36,38.98
-16.36,22.36,42.96
-11.82,23.64,43.67
-9.64,23.91,43.67
-5.27,23.91,45.20
-4.55,23.91,45.20
-4.73,23.82,44.90
-6.45,25.91,42.76
-9.09,29.00,38.88
-8.36,29.73,38.06
-2.09,32.36,35.41
3.09,34.18,32.76
1.55,34.64,32.14
-2.64,34.09,32.76
-11.36,35.27,27.76
-14.64,38.45,15.61
-0.91,42.73,1.63
11.00,41.64,6.22
26.18,35.64,11.63
26.36,37.91,4.69
20.27,39.45,-3.06
9.91,41.73,-9.80
3.45,41.64,-12.86
-0.36,39.36,-20.31
-2.27,37.55,-24.08
-4.36,38.45,-21.53
-5.82,37.73,-23.16
-4.09,35.55,-28.16
-2.09,35.45,-29.59
-5.64,31.55,-34.29
-11.09,28.09,-36.63
-10.55,26.82,-38.67
-9.55,24.18,-41.63
-8.45,17.55,-47.14
-5.73,13.82,-50.20
-9.55,5.27,-52.96
-9.73,6.36,-52.24
-15.00,8.91,-49.69
-16.55,4.27,-50.10
-14.36,-3.00,-52.65
-11.18,-3.91,-53.98
-6.00,-12.36,-55.51
-8.36,-14.45,-55.00
-12.73,-14.82,-52.86
-11.45,-12.27,-53.98
1.64,-13.64,-56.33
10.36,-17.64,-55.82
18.55,-16.45,-53.88
19.18,-13.64,-54.29
24.45,-10.45,-52.45
25.45,-9.55,-51.84
21.00,-7.91,-53.98
17.64,-7.91,-54.69
12.91,-9.73,-55.92
9.09,-9.45,-56.73
10.09,-12.91,-56.43
16.36,-11.91,-55.00
22.36,-4.09,-53.27
21.09,-0.18,-53.06
20.45,7.27,-51.12
17.18,11.64,-50.31
6.36,17.82,-48.98
1.73,18.55,-48.37
-6.64,14.64,-49.69
-9.36,13.18,-49.59
-6.55,16.73,-48.67
0.64,18.82,-47.96
18.36,20.36,-44.49
21.18,16.55,-46.33
22.00,3.91,-51.63
21.00,-2.73,-53.67
9.18,-17.82,-55.71
-1.45,-25.82,-53.27
-12.36,-22.09,-51.84
-7.64,-6.27,-55.31
-6.91,-5.00,-55.20
-6.09,-15.27,-55.20
-10.36,-18.45,-53.47
-23.18,-12.73,-48.06
-34.36,-7.45,-38.27
-32.91,10.27,-34.69
-27.27,15.55,-37.14
-24.64,15.45,-39.90
-19.64,16.27,-42.96
-14.55,20.36,-42.55
-9.82,23.73,-41.53
8.82,27.82,-39.59
13.27,29.45,-36.63
22.91,29.82,-31.22
25.45,25.55,-35.41
36.45,23.27,-25.82
44.18,19.73,-13.78
40.73,15.36,26.94
29.73,13.82,41.22
18.27,11.27,49.59
15.36,9.18,51.84
-5.00,6.36,55.10
-10.64,4.27,55.00
-16.09,-14.09,55.10
-12.55,-25.73,53.06
-8.55,-46.55,38.67
-0.09,-52.45,30.92
30.45,-51.64,5.61
45.00,-38.18,-3.88
52.82,-3.45,-11.12
49.18,4.55,-19.80
45.00,-0.09,-31.94
42.09,0.36,-35.92
39.09,-1.82,-40.41
37.82,5.64,-39.80
23.09,24.73,-37.04
26.18,28.09,-30.41
45.73,18.55,-6.84
49.27,7.91,13.88
22.27,-6.00,52.35
6.82,-11.36,57.35
15.64,-18.36,54.08
40.64,-20.82,34.59
53.82,-8.09,-5.00
52.18,-1.82,-13.27
53.82,-6.45,2.24
51.18,-11.36,16.02
36.73,-13.18,41.33
29.55,-11.27,47.76
24.18,-10.82,51.22
25.64,-7.82,50.61
41.18,-4.55,36.53
49.36,-4.00,21.84
51.18,1.36,-17.35
34.36,10.00,-41.12
26.45,13.36,-44.80
32.18,11.55,-41.53
46.27,4.91,-27.14
50.27,-6.82,20.31
38.09,-6.91,40.41
-6.91,-3.91,57.55
-20.18,-4.91,53.27
-0.73,3.36,56.33
14.64,9.73,51.73
40.82,18.09,22.24
46.82,17.18,3.98
41.73,16.27,-26.02
38.45,14.64,-32.96
47.91,10.73,-18.27
51.18,8.45,3.16
30.27,9.55,42.96
7.55,8.27,53.98
-23.64,12.64,46.12
-18.55,14.18,47.96
13.00,19.82,46.53
29.73,21.73,34.49
45.91,18.64,4.08
47.27,15.73,-8.67
40.27,12.18,-32.55
34.91,12.36,-38.78
28.55,13.18,-43.78
21.36,13.91,-47.24
18.27,15.73,-47.45
15.55,17.45,-47.14
11.36,23.82,-42.45
13.36,27.82,-38.27
20.55,31.55,-29.69
27.00,29.36,-28.16
40.82,22.18,-18.37
47.09,17.45,-3.98
48.91,5.36,17.96
47.27,1.91,24.59
49.36,-0.18,20.20
52.91,1.36,5.31
46.73,15.09,-14.80
37.45,22.36,-25.31
15.09,29.55,-35.51
7.73,31.36,-35.10
26.55,30.45,-26.22
39.18,26.27,-11.02
46.27,13.00,17.65
42.27,10.45,28.57
34.27,8.18,39.69
36.82,12.27,34.39
45.09,20.00,2.76
42.73,21.91,-11.94
29.82,22.73,-34.59
9.91,20.64,-46.12
2.73,19.36,-47.45
9.18,28.36,-39.29
18.36,30.91,-32.24
28.00,34.27,-13.67
24.64,37.45,-0.71
11.45,39.36,17.14
14.36,39.36,15.41
21.55,37.82,-10.71
23.18,33.73,-22.96
30.64,21.18,-35.92
33.18,14.00,-39.59
39.55,6.18,-37.96
42.27,3.73,-35.10
46.18,-0.73,-31.43
47.00,-2.45,-30.10
48.36,-4.45,-27.45
48.73,-5.73,-27.24
47.27,-4.82,-29.90
43.73,-3.82,-35.71
22.55,-0.27,-52.45
7.09,4.18,-55.20
-16.00,9.64,-48.57
-24.36,10.18,-43.27
-26.27,20.00,-35.10
-13.00,22.18,-42.24
29.09,16.64,-41.33
39.55,16.00,-30.31
44.55,20.27,1.94
41.64,21.00,13.88
41.55,21.73,13.37
44.18,21.18,-1.94
24.55,19.55,-42.14
13.82,18.82,-47.24
-11.82,12.55,-49.29
-23.27,7.55,-45.20
-19.27,4.91,-48.98
-0.09,6.18,-54.69
31.45,5.64,-46.02
38.73,3.27,-40.00
50.45,2.82,-18.98
52.18,3.55,-9.69
44.91,1.36,-31.94
32.27,-0.73,-47.24
13.09,-8.18,-56.33
4.36,-16.27,-56.43
-18.27,-28.18,-46.73
-23.45,-26.82,-43.57
-10.27,-19.00,-53.78
3.36,-16.64,-56.33
30.27,-13.91,-48.98
35.45,-14.91,-44.80
45.91,-16.64,-31.53
47.73,-17.91,-27.14
50.00,-20.18,-19.90
51.18,-25.00,-8.06
50.82,-26.64,2.65
48.55,-28.09,14.18
48.64,-27.73,13.06
48.91,-30.91,5.51
49.36,-30.64,-0.20
47.45,-28.55,-19.90
46.00,-23.91,-27.04
27.55,-12.64,-50.71
14.55,-6.55,-55.71
18.18,-1.82,-54.29
22.64,-6.82,-53.37
39.73,-18.73,-39.59
45.45,-25.55,-27.35
46.64,-34.91,6.33
42.82,-36.00,18.27
38.27,-40.09,21.63
39.55,-40.82,17.76
42.82,-41.00,3.78
44.09,-38.91,-9.69
40.36,-27.73,-34.69
36.45,-21.55,-41.84
34.36,-16.91,-45.61
34.55,-18.82,-44.49
41.55,-25.64,-34.08
48.00,-29.45,-16.94
44.00,-34.73,16.84
41.45,-35.00,23.47
47.45,-34.73,-1.84
43.82,-29.45,-27.24
24.00,-8.64,-52.55
16.91,-5.27,-55.20
13.27,-15.18,-55.51
28.36,-21.82,-47.86
47.82,-32.55,-9.59
47.55,-32.91,8.78
40.91,-32.82,26.53
36.18,-31.55,34.90
31.18,-30.64,40.00
41.00,-33.09,25.82
45.91,-30.18,-21.43
41.55,-24.36,-34.18
32.09,-15.45,-47.14
37.45,-18.64,-41.63
50.91,-26.55,5.61
45.27,-24.36,25.61
28.27,-19.64,47.55
29.91,-22.73,45.20
49.64,-26.91,10.20
49.55,-25.91,-15.41
28.64,-18.36,-48.78
23.73,-16.00,-52.24
39.55,-20.73,-38.47
50.09,-21.82,16.12
43.09,-18.36,32.86
36.45,-14.73,41.63
47.82,-18.18,24.39
47.45,-17.64,-28.88
36.73,-16.18,-43.06
36.36,-18.73,-43.06
47.27,-18.36,-28.57
52.09,-9.00,14.18
44.27,2.73,30.61
18.91,19.64,45.20
16.82,18.27,47.14
41.27,9.64,31.53
51.91,2.91,11.84
49.82,0.09,-23.06
44.55,4.18,-31.43
39.00,10.18,-35.61
45.18,8.18,-27.24
50.64,3.09,15.31
39.64,4.18,37.04
6.91,10.27,53.67
-0.73,13.18,53.06
15.09,17.45,47.86
30.73,17.55,38.27
48.18,15.82,4.69
46.55,16.73,-13.78
41.27,20.55,-20.82
43.91,21.36,-10.92
38.64,20.36,26.22
26.27,18.27,41.94
2.91,23.73,46.02
4.73,28.00,41.43
28.09,29.91,25.92
37.91,28.00,10.61
41.27,24.18,-15.92
38.91,22.45,-23.78
37.73,24.09,-23.27
38.09,29.18,-6.22
25.09,26.91,33.78
14.55,22.91,43.78
-9.73,20.00,47.45
-9.73,25.09,43.06
9.91,23.64,44.69
14.55,17.36,47.96
18.09,8.73,51.43
23.82,3.91,50.41
33.00,-3.18,45.61
32.55,-2.91,45.10
27.45,-5.64,49.08
24.09,-6.73,51.53
23.27,-12.18,52.04
20.45,-22.00,51.12
9.00,-41.82,43.27
-1.91,-51.36,33.06
-4.82,-53.73,27.76
-7.45,-57.18,16.73
-4.73,-57.64,15.82
12.27,-54.91,22.76
25.18,-48.45,26.02
48.09,-21.55,20.61
53.09,-9.27,6.22
49.64,1.09,-21.84
46.18,3.45,-28.67
40.27,2.27,-38.27
41.91,1.09,-36.33
43.64,-3.55,-35.41
43.82,-8.45,-35.92
45.64,-12.55,-32.76
46.73,-13.09,-30.82
45.09,-10.18,-33.78
44.18,-10.45,-35.92
42.64,-13.64,-36.94
37.82,-14.64,-42.65
22.73,-9.73,-52.76
20.18,-5.00,-53.67
12.91,6.64,-53.27
3.36,15.36,-50.00
-8.45,31.27,-33.27
-12.55,35.27,-24.80
-24.27,35.27,-7.24
-31.82,30.82,-1.02
-43.45,17.36,5.82
-47.55,7.91,6.12
-50.09,-6.64,3.06
-49.64,-9.82,11.12
-48.73,-19.45,7.04
-47.09,-25.55,-3.27
-44.09,-21.64,-18.67
-44.18,-12.82,-22.76
-40.36,3.64,-28.27
-32.91,9.27,-35.31
-12.18,12.64,-48.88
-1.64,16.00,-49.39
21.00,19.09,-43.47
28.36,17.82,-40.10
40.73,16.55,-26.53
46.91,12.55,-19.18
52.00,6.82,-4.69
52.82,3.55,-3.16
49.09,2.00,-23.47
44.00,-2.55,-35.51
28.91,-0.91,-49.59
29.27,6.36,-47.14
38.27,15.18,-32.45
39.55,20.00,-25.31
40.55,22.82,-17.96
40.64,23.91,-14.08
39.91,25.00,11.63
10.64,10.27,52.96
-3.73,0.18,57.35
-30.82,-24.18,43.06
-38.09,-30.00,30.20
-43.82,-31.27,12.14
-46.36,-25.91,10.10
-47.91,-4.18,19.59
-44.91,5.09,23.78
-35.09,25.27,18.57
-35.18,27.82,8.78
-41.73,19.27,12.55
-43.36,8.91,25.20
-40.00,-11.27,37.55
-35.82,-13.27,41.84
-23.91,-17.55,50.00
-19.82,-20.18,51.53
-24.64,-11.91,50.82
-30.82,-5.55,46.84
-36.09,1.55,40.10
-36.45,5.36,38.47
-32.00,8.91,41.22
-29.27,6.82,44.80
-18.00,5.73,51.94
-13.73,2.00,54.18
-4.18,5.36,55.61
-0.91,14.64,51.73
6.18,28.82,39.59
9.64,31.55,34.59
15.64,36.91,20.41
15.73,38.64,15.31
16.00,39.82,8.16
11.82,40.64,11.63
0.36,30.73,37.45
-1.27,19.45,48.37
-12.64,2.09,54.69
-13.36,-8.09,56.02
-4.45,-25.45,54.39
4.91,-31.64,51.84
16.18,-34.64,46.84
24.82,-39.64,38.27
32.36,-46.55,20.41
34.18,-45.91,18.27
34.91,-48.36,7.76
35.73,-48.36,0.82
42.36,-41.82,-3.16
48.09,-34.09,-2.65
46.73,-30.36,-18.88
46.18,-31.27,-20.00
46.64,-34.09,9.49
38.36,-29.64,33.06
9.18,-21.55,55.20
-10.09,-15.64,56.12
-41.91,-0.45,31.33
-40.64,20.36,-1.43
-33.64,27.64,-6.53
-10.36,40.91,0.20
0.18,42.00,10.31
21.00,32.27,27.76
31.73,26.18,25.20
42.64,20.09,13.78
41.45,24.36,2.76
30.45,34.18,-3.78
27.91,35.45,-4.59
25.18,36.36,-9.49
23.82,37.91,-5.61
18.36,39.55,8.06
12.55,40.91,10.20
5.91,42.00,7.86
5.82,41.73,10.61
17.73,34.00,26.63
19.45,33.55,26.02
20.45,34.82,23.06
6.73,38.09,23.98
-20.45,36.64,14.80
-24.64,35.55,2.24
-11.09,39.82,-13.57
4.00,41.73,-10.82
30.73,33.45,6.33
37.00,27.09,12.96
48.36,9.18,13.16
50.73,2.09,13.57
51.91,-7.55,14.39
51.64,-11.00,15.31
53.09,-13.64,7.76
53.09,-16.36,5.10
48.18,-32.55,2.55
45.91,-36.64,-5.20
42.27,-33.64,-25.20
38.73,-32.09,-33.27
28.18,-35.09,-40.92
27.45,-36.91,-40.10
35.82,-44.73,-19.18
40.18,-42.45,-13.37
51.36,-25.00,-5.00
54.00,-6.00,-4.18
38.91,26.55,-6.73
36.27,29.55,-4.59
48.18,10.91,12.55
49.18,-6.36,22.65
51.73,-10.91,13.57
50.18,8.27,6.84
23.91,37.45,-2.45
8.82,42.18,-2.65
-6.27,41.82,-2.86
-12.27,40.45,-3.37
-10.82,40.09,10.41
-8.64,40.91,12.24
-20.45,36.64,13.06
-23.18,31.09,33.16
-19.82,24.82,37.96
-34.27,4.73,40.41
-42.09,-7.00,32.14
-46.82,-23.55,9.80
-46.64,-25.00,4.69
-36.64,-21.55,-32.24
-31.64,-21.82,-38.88
-35.36,-28.82,-29.49
-34.73,-30.18,-29.59
-35.09,-32.36,-27.04
-36.45,-35.27,-20.92
-36.36,-41.00,-8.37
-34.00,-43.09,-10.31
-26.73,-45.73,-20.20
-21.91,-45.45,-27.24
-25.82,-45.09,-22.65
-34.27,-43.18,-8.57
-40.09,-34.00,17.55
-35.00,-30.00,33.27
-22.64,-29.64,45.82
-18.36,-33.64,45.71
-34.36,-24.45,38.37
-37.55,-3.27,38.47
-19.73,33.73,23.88
-8.91,41.36,8.57
9.45,40.18,-15.20
16.00,36.18,-24.39
0.55,38.45,-21.73
0.18,42.55,-4.59
22.27,37.45,9.59
23.27,35.82,15.82
25.55,26.64,31.63
22.55,22.09,39.59
12.27,16.73,48.67
6.91,9.64,53.57
11.00,0.09,55.61
8.91,3.55,55.41
-8.36,21.91,45.71
-16.91,31.91,30.71
-14.64,31.82,32.65
-9.64,30.73,36.02
23.27,9.73,47.14
38.91,-8.27,38.27
48.82,-30.45,-8.16
45.64,-25.91,-25.82
34.91,-9.82,-45.20
25.27,2.00,-50.10
5.27,23.27,-44.29
0.82,28.91,-38.78
4.82,25.00,-42.65
15.45,13.27,-49.59
46.55,-2.27,-29.59
49.18,8.91,11.22
40.73,11.73,28.88
7.00,8.64,53.67
5.18,-5.73,57.24
17.82,-29.82,49.18
34.27,-34.91,33.78
53.27,-15.55,-2.65
52.55,-2.55,-13.27
53.64,-10.64,3.57
50.82,-26.00,4.08
29.91,-51.00,-11.84
18.73,-54.73,-17.24
14.82,-52.55,-25.82
27.00,-45.45,-29.69
44.91,-16.82,-32.45
48.09,-19.64,-24.39
44.18,-38.73,-5.61
39.45,-43.91,7.86
24.09,-55.36,5.82
8.73,-59.55,-0.31
-21.09,-53.00,-12.14
-27.36,-49.27,-10.71
-31.00,-47.64,9.59
-27.91,-46.00,22.65
-19.27,-28.27,49.08
-20.27,-4.55,53.37
-22.09,29.27,31.22
-23.82,33.00,22.65
-17.00,39.18,11.12
-9.55,41.09,10.82
23.00,37.73,8.47
38.36,27.73,-6.53
47.73,15.82,1.02
46.27,6.18,23.88
14.82,5.18,53.37
1.91,6.00,55.51
-4.45,9.00,54.39
17.18,9.45,50.92
41.55,14.73,26.12
26.18,28.73,29.29
-3.09,41.91,12.65
-8.73,42.00,6.02
-10.18,37.55,23.78
-16.09,25.91,39.69
-33.55,8.45,39.90
-38.82,9.91,31.94
-42.09,18.64,10.10
-38.55,24.73,2.86
-29.00,32.00,15.31
-23.91,26.27,33.88
-4.18,-1.73,57.55
11.82,-12.36,56.53
44.45,-7.91,32.24
51.27,0.82,14.18
39.73,26.64,-4.29
45.27,18.09,10.00
49.64,2.27,17.14
49.09,-27.55,11.43
45.18,-37.36,6.22
28.36,-53.55,1.84
18.64,-57.64,0.20
9.36,-59.73,-0.31
9.09,-59.27,3.47
0.55,-59.18,11.02
-10.64,-57.91,8.98
-31.55,-47.64,-0.41
-39.36,-38.36,-7.55
-43.18,-23.64,-19.90
-43.00,-24.09,-19.59
-42.09,-33.82,-8.47
-36.36,-42.91,8.06
-20.91,-35.36,43.57
-10.18,-16.91,56.22
8.55,30.91,37.24
12.27,40.82,14.08
0.18,37.82,-25.20
-1.09,32.91,-33.16
13.55,33.18,-31.12
21.55,33.45,-24.49
47.09,16.73,-4.59
52.18,4.82,-3.37
49.91,1.73,-21.22
46.45,7.64,-24.39
40.55,12.64,-31.43
35.91,13.91,-36.43
31.45,15.27,-39.29
33.82,11.91,-39.49
24.09,6.91,-48.78
15.09,7.73,-52.35
-12.64,9.18,-50.20
-23.55,15.27,-41.22
-15.09,33.91,-26.43
-12.73,39.82,-12.14
-0.45,43.18,-0.51
-2.55,42.18,-5.92
-13.09,35.82,-21.73
-16.09,26.18,-36.02
1.09,11.64,-52.45
22.00,9.64,-49.59
41.73,20.36,-21.73
40.09,25.18,-14.49
27.00,30.09,-27.04
17.36,27.82,-37.24
-11.45,17.45,-46.22
-20.36,12.55,-44.80
-31.27,2.55,-40.61
-32.64,2.73,-38.88
-20.27,13.18,-44.49
-16.91,4.91,-50.10
-21.73,-5.45,-49.49
-30.82,-22.64,-39.29
-30.45,-31.27,-34.59
-28.09,-46.00,-18.27
-26.36,-50.09,-10.71
-16.18,-55.27,-11.94
-11.27,-56.09,-15.41
-8.73,-57.45,-11.33
-8.64,-56.27,-17.24
-14.09,-46.00,-33.16
-18.73,-41.64,-35.20
-38.09,-28.73,-24.80
-45.27,-19.00,-17.65
-48.55,0.64,-7.86
-45.91,12.09,-5.51
-25.91,35.82,-2.55
-14.45,40.73,-2.04
-6.55,37.91,-22.65
-1.36,31.45,-35.82
25.00,17.09,-43.37
33.09,8.27,-42.96
37.64,-12.00,-42.96
35.82,-23.55,-41.84
22.82,-37.09,-42.45
20.73,-35.82,-44.29
13.55,-36.27,-46.22
8.73,-35.64,-47.76
-1.18,-25.82,-52.86
-0.91,-16.45,-55.71
-3.82,8.36,-53.16
-8.73,20.00,-45.51
2.00,32.09,-35.31
1.91,33.91,-32.35
4.36,38.09,-24.39
8.18,40.27,-16.73
17.27,40.45,2.04
19.82,39.27,0.31
15.36,40.91,-4.39
9.55,41.45,-8.78
-9.09,41.82,2.65
-14.82,40.00,6.73
-29.82,29.36,20.20
-34.27,25.27,20.41
-29.64,32.64,5.61
-17.27,39.55,-3.47
12.18,41.27,4.18
18.73,36.73,19.08
22.00,20.09,42.04
14.64,7.18,53.06
-15.64,-7.00,55.61
-25.82,-10.36,50.10
-35.18,-22.36,39.08
-34.55,-36.73,27.96
-29.55,-42.45,27.04
-3.45,-50.64,33.47
14.73,-50.27,30.92
40.00,-42.18,11.53
47.18,-30.27,14.29
50.64,9.09,-3.57
41.45,23.91,5.31
27.73,35.09,7.96
23.91,38.00,2.96
-1.73,25.73,43.16
-9.36,6.18,54.69
-8.36,-16.64,56.22
8.55,-13.91,56.43
47.09,-2.73,25.82
50.27,-4.91,18.88
39.91,-17.45,36.53
25.18,-21.27,48.67
10.45,-23.00,54.18
17.18,-28.91,49.69
28.82,-44.55,27.55
29.55,-49.64,16.94
35.18,-49.00,0.00
33.64,-49.73,-1.02
19.36,-56.36,10.20
15.36,-56.09,17.04
6.91,-36.09,48.47
3.18,-8.27,57.35
4.00,38.18,23.88
1.91,43.09,2.65
-8.00,40.55,-11.02
-11.00,39.91,-12.04
-11.36,39.91,-10.61
-6.82,38.55,-19.08
-9.09,30.27,-34.39
-12.09,28.00,-35.61
-18.18,30.55,-28.16
-19.27,31.00,-27.14
-16.64,31.36,-28.57
-21.27,23.27,-35.82
-37.82,10.73,-27.55
-39.00,16.82,-19.59
-27.82,32.27,-13.88
-25.64,33.55,-14.49
-20.55,38.64,2.14
-18.45,38.18,15.51
-20.27,28.18,34.18
-17.82,24.45,40.31
-6.45,15.27,51.33
11.91,13.82,50.61
44.91,6.09,26.33
52.73,2.18,4.18
44.91,6.45,-28.16
48.82,7.18,-17.14
53.45,-5.00,-8.27
48.64,-23.00,18.57
43.27,-23.73,30.00
21.73,-10.91,52.86
4.64,-0.82,57.35
-17.18,11.27,50.41
-22.64,14.55,45.71
-38.55,16.00,27.45
-42.45,16.18,16.12
-43.55,17.91,3.47
-42.36,19.27,3.37
-41.00,21.55,4.29
-41.45,20.82,1.12
-39.00,22.73,-6.33
-37.36,25.00,-4.69
-33.27,29.82,4.90
-34.82,28.91,2.14
-36.91,25.55,-6.43
-37.45,25.64,-4.08
-36.55,26.55,9.18
-37.55,25.36,12.96
-38.45,24.73,9.80
-37.64,26.00,6.53
-38.00,25.55,0.82
-37.64,26.18,1.02
-36.45,27.45,-2.86
-36.18,27.64,-2.24
-26.91,34.36,12.76
-21.18,34.91,21.53
-0.45,28.36,41.02
19.45,21.09,42.76
48.36,-3.00,23.67
54.09,-11.73,-2.24
43.91,-2.64,-35.00
37.27,6.64,-39.39
24.91,12.55,-46.22
17.73,13.18,-48.78
2.82,13.45,-51.02
-1.36,12.27,-51.33
-7.18,11.18,-50.61
-13.36,13.64,-47.55
-28.73,12.55,-37.76
-39.09,7.73,-27.14
-47.82,5.45,6.33
-45.91,2.82,20.82
-37.73,0.82,37.76
-31.82,2.27,43.78
-24.18,4.82,49.08
-12.73,9.18,52.55
11.73,11.36,51.94
27.45,10.73,44.49
43.45,13.09,22.55
48.18,14.18,3.37
47.45,15.45,-8.16
38.73,18.55,-27.76
33.64,19.45,-33.47
21.36,18.73,-43.78
14.73,18.45,-46.33
-5.18,13.18,-50.41
-11.91,11.55,-48.98
-15.64,9.09,-48.47
-14.73,9.64,-48.67
13.73,17.00,-47.86
29.36,20.00,-37.04
42.55,23.00,2.04
33.64,22.73,27.45
-11.18,11.64,51.63
-21.55,5.09,50.41
-36.27,-5.45,40.41
-39.45,-5.64,36.73
-47.27,-4.09,19.80
-48.27,-4.00,17.35
-48.18,-3.45,16.33
-48.73,-2.45,14.08
-49.18,-0.55,8.06
-49.36,-1.91,3.67
-47.45,-1.45,-14.80
-42.45,-2.36,-26.73
-26.45,1.09,-45.00
-18.64,2.73,-49.69
12.18,-4.73,-55.82
26.09,-9.64,-51.43
38.73,-9.36,-41.53
42.91,-5.45,-36.22
50.82,0.27,-17.86
51.73,5.36,-6.33
44.64,8.55,25.31
41.73,4.91,32.45
33.64,-2.00,43.98
27.91,-4.27,48.67
17.09,-7.73,54.69
9.00,-8.55,57.14
-27.45,-7.55,49.18
-31.00,-7.91,46.12
-43.64,-8.09,29.90
-47.55,-8.82,20.71
-49.18,-12.82,11.84
-49.09,-12.64,10.41
-48.09,-13.27,-11.43
-42.27,-13.82,-26.63
-26.45,-4.27,-46.02
-17.64,-0.91,-50.92
-2.27,-8.36,-56.63
10.45,-2.45,-56.02
21.36,-3.64,-52.96
26.00,-5.27,-51.12
35.64,0.82,-43.16
48.18,2.00,-24.69
52.09,4.18,-0.20
43.91,-1.64,31.73
27.18,-1.73,49.08
-14.73,0.91,54.49
-27.27,2.36,47.65
-39.91,2.18,34.69
-42.36,3.18,29.08
-47.27,5.82,14.18
-47.55,8.00,2.65
-32.36,5.91,-38.06
-23.00,2.55,-47.04
-9.45,-6.55,-54.80
-0.73,-6.09,-56.43
14.91,-5.36,-55.31
19.82,-5.91,-53.78
27.00,-1.64,-49.80
37.09,2.00,-41.84
52.36,2.64,0.51
50.45,-2.00,17.55
23.73,-6.64,51.73
6.18,-6.91,57.65
-25.09,-2.64,50.20
-30.45,-2.73,46.43
-39.55,-5.64,36.94
-41.45,-5.82,33.57
-44.00,-4.27,28.57
-46.73,-2.91,21.22
-46.55,9.00,-5.61
-43.82,13.64,-10.51
-29.55,30.27,-14.80
-20.64,32.55,-23.67
-16.27,31.36,-29.39
-15.09,37.55,-17.35
2.18,41.36,14.80
7.91,33.64,32.14
13.64,15.27,49.18
17.73,3.91,52.24
30.82,-33.64,38.67
26.36,-48.73,24.29
16.55,-56.82,-12.65
16.09,-52.00,-27.04
35.36,-42.18,-24.80
47.36,-28.73,-18.37
46.91,13.91,-13.67
31.64,28.64,-21.73
6.45,24.73,-42.55
17.00,21.64,-43.27
50.36,6.82,-13.16
50.82,-8.91,18.98
21.91,-24.18,50.10
12.27,-27.36,52.76
-6.91,-30.82,52.55
-5.27,-29.73,53.16
-2.64,-25.82,55.00
-7.27,-25.18,54.69
-6.36,-27.09,54.39
-5.91,-29.82,53.57
-7.45,-30.18,53.16
-7.18,-30.64,53.16
-6.55,-30.09,53.47
-7.45,-26.91,54.90
-7.64,-25.64,55.31
-12.55,-25.36,54.39
-12.27,-25.55,54.08
-12.09,-25.18,54.29
-12.00,-25.18,53.98
-12.27,-25.36,54.18
-12.00,-25.27,54.18
-12.27,-25.27,54.08
-12.36,-25.55,54.08
-12.09,-25.45,54.08
-12.27,-25.55,54.29
-12.27,-25.45,54.29
-12.18,-25.18,54.18
-12.45,-25.18,54.39
-12.09,-25.36,54.18
-12.27,-25.45,54.18
-12.27,-25.45,54.29
-12.27,-25.45,53.98
-12.27,-25.36,54.08
-12.27,-25.64,54.39
-12.18,-25.36,54.69
-12.18,-25.36,54.49
-12.27,-25.27,54.08
-12.27,-25.45,53.98
-12.45,-25.45,53.98
-12.27,-25.45,54.18
-12.27,-25.36,54.18
-12.18,-25.45,54.08
-12.64,-25.36,53.78
-12.27,-25.27,54.18
-12.27,-25.45,54.08
-12.18,-25.36,54.18
-12.45,-25.36,54.18
-12.09,-25.45,54.49
-12.27,-25.55,53.98
-12.27,-25.55,54.18
-12.55,-25.45,54.08
-12.45,-25.27,54.08
-12.45,-25.45,53.98
-12.18,-25.36,54.08
-12.36,-25.55,54.08
-12.27,-25.36,54.39
-12.36,-25.55,53.98
-12.27,-25.45,54.08
-12.27,-25.45,54.18
-12.36,-25.55,53.88
-12.64,-25.36,54.29
-12.36,-25.36,54.49
-12.55,-25.73,53.98
-12.18,-25.45,54.49
-12.36,-25.45,54.49
-12.36,-25.64,54.08
-12.45,-25.18,54.08
-12.45,-25.36,54.18
-12.27,-25.27,54.29
-12.55,-25.55,53.98
-12.27,-25.27,54.18
60.65579362270351,0.9144397191723466
27.27,-54.18,0.91,0.09