-12.36,-25.73,54.08
-12.27,-25.45,54.18
-12.45,-25.64,54.08
-12.18,-25.36,53.88
-12.00,-26.00,53.78
-8.00,-30.55,53.06
-4.64,-32.45,52.24
3.73,-35.18,51.02
8.73,-35.09,50.41
18.09,-30.64,49.90
21.73,-27.00,50.00
26.00,-18.09,50.82
26.18,-13.82,51.02
26.36,-12.91,50.92
26.18,-16.09,50.61
21.64,-27.00,50.00
16.55,-31.73,50.10
2.00,-34.73,51.02
-4.82,-33.00,51.73
-12.91,-25.09,53.78
-15.36,-19.82,54.80
-15.18,-8.27,56.02
-13.18,-3.09,56.63
-5.09,4.45,56.63
0.73,6.55,56.43
11.18,6.18,55.51
14.91,4.82,54.90
18.09,2.45,54.29
21.36,-0.91,53.57
26.27,-12.64,51.73
23.82,-24.00,50.82
20.73,-28.27,50.00
11.64,-33.91,50.41
7.00,-34.73,50.82
-2.55,-32.82,52.24
-5.91,-31.18,53.06
-8.36,-29.64,53.27
-7.64,-30.27,53.37
-0.55,-34.09,51.73
4.91,-34.73,51.22
19.00,-30.09,50.00
22.73,-24.82,50.82
26.36,-11.27,51.94
24.00,-4.55,52.65
14.91,4.00,54.90
9.18,7.09,55.51
-4.27,4.82,56.94
-7.36,3.27,57.24
-13.18,-2.45,56.73
-14.82,-6.00,56.73
-15.82,-16.45,55.61
-14.09,-23.36,54.59
-4.18,-32.82,51.94
2.09,-34.91,51.02
15.09,-32.36,50.41
20.45,-28.64,50.31
25.64,-19.55,50.82
26.18,-14.91,51.53
25.27,-8.64,52.35
25.18,-8.55,52.35
25.82,-15.55,51.63
24.55,-21.18,50.82
16.91,-31.18,50.51
10.64,-34.36,50.41
-3.09,-33.45,51.84
-9.36,-29.82,52.76
-15.73,-19.82,54.69
-16.27,-16.82,55.20
-16.00,-4.82,55.71
-15.73,3.00,54.80
-16.18,13.36,50.61
-12.55,20.91,46.63
-4.27,36.36,28.88
-1.00,40.73,18.37
2.91,42.64,7.55
5.36,42.82,0.51
-0.36,38.45,-23.47
-0.91,35.27,-29.90
-7.36,28.82,-37.65
-9.82,23.55,-42.14
-13.45,12.00,-48.67
-13.64,7.00,-51.02
1.00,-16.36,-56.22
8.27,-21.73,-55.00
21.82,-7.27,-53.88
32.27,1.27,-46.53
33.27,-2.45,-46.43
24.45,-16.64,-51.63
15.82,-22.91,-53.47
-3.82,-20.09,-54.90
-9.18,-12.00,-54.69
-10.18,-3.00,-54.49
-8.00,-4.82,-55.20
-11.00,-3.64,-54.18
-12.91,3.09,-52.55
-23.91,11.91,-42.55
-25.09,20.64,-35.10
-2.18,27.27,-40.20
8.45,24.45,-43.47
17.82,10.45,-50.71
18.09,7.18,-51.84
18.55,4.82,-52.65
21.27,-1.18,-53.16
29.73,-8.18,-49.90
19.91,-13.45,-53.98
8.45,-28.55,-52.45
-5.09,-34.18,-48.27
-18.82,-25.55,-47.55
-13.36,-20.55,-52.04
-8.64,-20.36,-53.67
-10.09,-22.18,-52.86
-15.73,-20.45,-51.43
-17.27,-21.82,-50.00
-14.82,-25.36,-49.80
-2.09,-25.00,-53.78
15.45,-18.73,-54.69
24.27,-12.00,-52.14
17.36,2.09,-53.78
11.36,7.18,-53.57
11.09,8.09,-53.47
8.45,13.00,-51.43
3.36,16.91,-49.39
0.91,16.64,-49.29
-4.64,14.36,-50.10
-7.82,10.09,-51.53
-16.36,6.00,-50.10
-14.55,3.36,-51.43
-17.91,2.82,-49.80
-20.82,4.27,-48.06
-17.73,-0.18,-51.22
-13.73,-8.82,-53.37
-9.73,-24.36,-52.35
-7.09,-29.55,-50.82
0.45,-36.00,-48.37
5.64,-37.09,-47.45
5.09,-26.27,-53.47
-1.45,-17.27,-55.82
-12.00,-4.45,-54.18
-13.00,5.27,-53.16
-14.27,10.55,-49.08
-15.27,16.55,-45.10
-15.00,25.09,-38.06
-16.55,37.00,-16.84
-9.82,40.09,-13.47
2.09,33.36,-32.96
4.18,28.18,-39.69
11.82,16.91,-48.37
17.00,14.45,-48.57
11.91,13.36,-50.51
13.27,12.91,-50.92
-3.00,7.36,-53.37
-14.82,11.45,-48.37
-32.45,22.18,-24.69
-30.55,29.36,-14.59
-17.27,39.09,-5.92
-12.55,41.09,3.16
-8.36,34.55,30.41
-7.82,27.36,40.71
-5.09,11.73,52.76
-2.82,6.73,55.41
-5.55,-3.09,57.14
-7.18,-7.00,56.94
-12.00,-11.64,55.92
-13.91,-13.18,55.31
-17.36,-14.45,54.08
-17.73,-14.82,53.98
-17.55,-13.00,54.08
-20.45,-4.64,53.06
-20.36,16.73,45.10
-18.64,24.55,39.18
-18.64,38.36,7.04
-15.36,39.64,-7.04
-12.45,36.00,-22.04
-13.91,35.36,-23.67
-10.82,35.64,-25.10
-11.36,32.45,-30.20
-14.45,4.00,-51.02
-13.55,-5.82,-52.96
-14.09,-27.18,-49.18
-17.09,-35.00,-42.76
-16.09,-22.64,-50.41
-14.27,-4.27,-52.86
-7.45,31.73,-32.96
-6.45,39.82,-16.73
-4.91,39.09,21.22
-8.73,33.73,31.63
-16.82,18.00,45.92
-24.36,3.27,49.59
-23.91,-24.91,47.76
-20.27,-37.09,42.35
-20.36,-52.82,17.04
-22.82,-53.36,4.69
-22.91,-51.82,-12.14
-19.64,-50.45,-20.51
-17.00,-50.73,-22.86
-17.36,-48.91,-26.53
-17.36,-46.55,-30.71
-12.64,-24.82,-50.61
-21.73,-12.55,-48.88
-27.00,19.91,-34.39
-25.36,31.91,-17.96
-21.09,37.27,10.92
-21.18,33.36,23.98
-20.00,19.27,43.78
-16.00,14.45,49.29
-22.09,-10.27,52.45
-22.91,-24.45,48.88
-28.00,-41.91,30.41
-30.64,-42.73,25.41
-30.45,-31.55,38.98
-29.45,-16.55,46.63
-12.64,19.82,46.63
-1.91,31.73,36.73
5.36,40.00,19.90
4.18,42.91,2.65
-11.91,24.91,-40.41
-13.73,10.27,-49.29
-15.82,-20.91,-50.92
-16.64,-35.09,-43.16
-11.55,-48.64,-31.53
-9.18,-51.45,-28.06
-8.09,-54.55,-21.63
-8.73,-54.91,-21.02
-7.91,-54.91,-21.22
-9.82,-57.64,-10.61
-9.18,-56.00,19.69
-14.00,-46.00,36.22
-14.55,-11.73,55.92
-11.27,1.09,55.92
-15.55,2.36,54.18
-20.73,-1.00,52.55
-30.64,-6.64,46.73
-34.64,-8.91,42.86
-44.91,-10.55,27.65
-49.82,-3.82,6.73
-43.64,-4.91,-24.29
-42.45,-9.64,-27.86
-28.64,-11.09,-44.80
-19.73,-12.36,-50.31
15.27,-9.09,-55.41
24.73,-9.45,-52.04
41.45,-12.36,-38.06
45.09,-13.91,-33.06
49.82,-4.91,-23.78
50.55,-2.82,-20.71
53.45,-3.82,-4.18
51.27,-0.45,13.37
47.73,-2.09,25.31
35.27,-10.09,43.47
20.00,-13.64,53.27
4.82,-10.82,57.96
-20.64,-8.36,53.47
-32.00,-9.55,45.20
-42.64,-11.64,31.43
-45.45,-14.55,24.39
-49.18,-10.45,12.76
-49.82,-8.64,5.31
-41.73,4.55,29.69
-34.91,4.82,40.00
-3.27,-7.09,57.65
15.18,-18.18,54.69
42.18,-32.73,23.57
48.45,-32.45,1.33
48.91,-17.36,-24.39
45.09,-14.00,-33.47
36.64,-9.00,-43.67
33.91,-8.36,-45.82
18.09,-5.64,-54.29
10.91,-4.09,-56.02
-18.55,-3.00,-50.51
-31.00,-1.45,-41.53
-45.64,-10.55,-20.10
-48.82,-14.00,-7.45
-43.45,-16.82,28.67
-38.00,-18.09,37.45
-30.55,-21.09,44.59
-23.73,-21.91,49.18
-3.82,-26.09,54.49
8.36,-27.27,53.16
29.36,-31.64,41.33
49.91,-26.36,8.88
51.09,-24.91,4.29
51.18,-25.09,3.98
50.91,-24.55,8.06
49.00,-22.91,17.24
47.45,-22.91,21.94
42.64,-23.55,30.61
26.91,-20.73,48.16
21.18,-19.73,51.43
16.18,-18.55,54.08
16.27,-19.00,54.18
14.27,-19.18,54.69
10.36,-18.55,55.92
-4.27,-18.27,57.04
-6.55,-17.00,56.73
-11.82,-17.00,56.02
-13.82,-20.09,54.39
-12.73,-22.45,54.08
-9.09,-26.91,53.37
-8.09,-28.18,52.96
-12.27,-31.45,50.20
-14.73,-32.82,48.57
-18.91,-30.27,47.86
-18.91,-23.45,51.43
-11.91,7.27,53.27
-8.73,23.45,44.49
-4.09,40.55,16.43
-5.73,41.55,10.61
-16.09,37.18,18.16
-22.82,31.82,25.51
-25.36,14.27,43.88
-19.36,3.00,52.45
-8.82,-16.91,56.73
-10.18,-21.09,54.90
-10.09,-21.36,55.00
-15.27,-16.82,54.80
-31.82,-11.27,45.41
-33.73,-6.45,43.78
-40.73,4.55,31.84
-44.36,12.91,15.41
-40.45,6.09,-27.04
-32.00,0.36,-40.10
-18.36,-6.27,-51.12
-10.00,-10.73,-54.90
4.55,-25.64,-53.67
6.73,-29.64,-51.94
14.00,-31.36,-49.69
21.18,-38.09,-42.24
27.45,-52.73,-12.65
27.09,-54.00,1.33
22.55,-50.27,25.82
15.82,-41.82,41.12
-2.09,-7.36,57.76
-11.00,3.91,55.10
-31.27,15.36,37.76
-34.45,18.73,29.80
-36.91,19.09,26.22
-32.73,18.82,32.55
-15.36,3.00,54.18
-10.91,-10.18,56.73
-1.64,-39.36,46.63
5.91,-49.55,35.20
15.18,-58.64,0.71
16.18,-56.55,-13.78
16.00,-47.45,-34.29
16.09,-43.09,-39.80
13.91,-34.27,-47.96
8.91,-26.00,-53.06
-23.91,4.00,-46.12
-35.64,7.55,-46.84
-47.64,5.64,-6.63
-41.27,9.73,27.55
-38.27,1.91,36.84
-26.09,-6.55,49.90
-23.82,-12.73,51.22
-15.18,-22.45,52.86
-16.73,-24.18,51.94
-11.27,-24.55,53.47
-9.82,-24.27,53.67
-11.36,-26.82,52.55
-11.91,-29.45,51.02
-16.00,-31.36,48.27
-18.55,-32.09,46.94
-24.18,-33.00,42.45
-25.09,-34.27,41.12
-25.18,-40.45,35.10
-27.82,-41.82,30.00
-35.73,-39.82,19.39
-39.91,-36.64,14.49
-41.36,-36.45,-0.10
-39.45,-37.55,-8.57
-29.64,-32.36,-35.10
-19.09,-20.82,-48.98
0.91,9.00,-53.06
8.64,14.36,-50.41
23.73,21.55,-39.80
29.55,22.27,-35.20
33.73,22.73,-29.29
37.18,22.82,-23.16
40.09,25.73,-6.12
40.91,24.27,8.78
37.55,15.73,31.12
37.55,9.55,35.82
25.36,5.91,47.96
17.09,2.82,53.37
-19.00,-14.73,53.67
-30.18,-20.00,45.20
-36.91,-25.18,35.31
-36.73,-26.55,34.90
-21.82,-19.55,51.22
-1.73,-8.91,58.16
40.00,7.91,33.37
46.18,15.82,11.02
39.55,22.45,-19.49
35.36,22.18,-27.65
28.82,19.36,-38.67
24.82,17.91,-42.76
22.64,19.09,-43.16
19.55,18.91,-44.59
22.36,21.45,-40.71
21.55,20.73,-41.84
14.09,15.82,-48.78
10.73,10.91,-52.14
7.09,10.73,-52.65
1.27,11.27,-52.14
-4.00,12.27,-51.02
-16.18,13.36,-46.43
-25.55,11.91,-41.53
-42.45,8.64,-20.31
-47.00,7.09,-4.80
-45.00,8.73,19.08
-40.55,9.64,28.88
-24.09,12.00,46.12
-19.00,10.91,49.29
-17.73,3.36,52.65
-14.73,-2.00,55.20
-7.00,-12.64,57.14
-5.45,-14.18,57.35
-5.55,-18.82,56.43
-2.73,-17.00,56.84
5.64,-9.36,57.55
8.55,-12.18,57.04
6.09,-18.55,56.43
4.00,-19.18,56.53
0.45,-18.55,56.63
-1.36,-18.91,56.43
-4.64,-21.55,55.82
-5.55,-23.55,55.20
-5.73,-26.00,54.29
-5.18,-23.91,55.10
-2.55,-16.45,57.04
-6.09,-13.36,57.24
-22.18,-11.73,52.24
-30.64,-11.45,46.33
-39.09,-2.09,37.04
-40.45,5.27,32.35
-31.36,21.91,31.33
-23.64,25.64,34.90
-0.36,30.45,37.76
10.45,29.27,37.96
12.73,10.55,51.94
12.00,-3.45,55.92
5.82,-25.55,54.29
-0.55,-32.00,52.04
-15.27,-26.82,51.22
-21.64,-23.73,49.90
-23.73,-17.91,50.61
-24.91,-13.00,50.61
-15.00,-2.91,54.80
-3.55,1.45,56.73
2.09,12.27,52.86
1.27,12.91,52.55
0.82,5.27,55.61
4.82,0.18,56.73
15.36,-6.45,55.31
19.91,-8.27,53.57
29.45,-13.36,48.16
33.73,-13.64,44.59
43.27,-11.55,33.47
46.27,-12.00,28.16
47.82,-11.09,25.82
48.91,-6.73,23.27
48.73,-5.09,23.06
49.64,0.18,19.29
50.45,1.36,15.20
51.64,4.36,6.53
49.91,10.09,6.02
47.64,14.91,5.51
47.36,15.36,4.90
44.82,19.00,8.88
43.09,20.73,10.71
43.09,20.73,10.82
41.45,22.55,12.24
38.45,25.82,11.12
35.09,29.09,11.84
23.82,33.91,20.71
21.00,32.73,25.61
17.55,24.55,39.90
14.91,23.64,42.24
11.73,17.64,48.27
12.55,9.36,52.14
12.64,-2.09,55.41
13.09,-11.73,55.71
8.18,-29.91,52.04
6.91,-35.55,48.78
8.36,-40.73,44.59
9.82,-41.09,44.08
11.36,-39.64,44.90
11.82,-45.45,38.37
16.36,-51.73,27.24
19.27,-51.82,25.20
19.82,-51.73,23.98
20.64,-52.64,22.96
21.82,-55.82,7.45
21.91,-56.55,1.22
22.09,-54.55,-15.51
21.73,-53.91,-17.35
22.73,-47.18,-30.82
24.55,-39.55,-39.29
28.09,-24.00,-47.65
28.36,-17.09,-49.39
35.09,-5.82,-45.20
38.00,1.27,-41.33
38.09,12.73,-35.10
37.55,16.64,-32.14
38.91,21.27,-23.47
40.00,22.45,-19.49
36.18,28.36,-14.59
35.36,29.55,-10.61
33.73,31.82,-0.92
32.18,32.45,7.24
33.45,26.36,22.45
41.36,16.36,23.47
42.73,14.00,23.27
42.91,9.64,27.45
43.27,7.45,28.78
44.27,2.64,29.59
43.45,-1.45,32.35
45.64,-10.27,29.69
48.82,-11.82,23.16
51.91,-16.36,13.06
51.45,-19.45,12.35
50.82,-26.73,-3.78
50.00,-26.64,-12.14
49.00,-19.91,-23.57
47.36,-15.18,-28.67
43.09,-6.09,-36.63
40.18,-2.18,-39.08
35.73,3.00,-42.55
35.00,4.82,-42.55
29.27,8.91,-45.10
27.64,11.00,-45.41
21.64,18.36,-43.57
17.45,26.09,-38.88
11.18,31.45,-34.29
4.27,32.64,-33.78
-9.64,32.82,-30.82
-12.91,33.91,-27.04
-19.64,34.55,-19.08
-20.91,35.09,-15.71
-23.27,34.18,-14.80
-22.91,34.64,-14.18
-19.45,38.45,-2.65
-13.55,40.55,-0.71
-7.36,42.27,-1.84
-0.64,42.73,-1.73
11.27,41.82,-2.76
16.00,40.55,-3.37
24.45,36.18,-13.27
26.36,32.64,-20.71
28.27,26.45,-30.51
28.09,24.00,-33.67
23.00,23.00,-38.67
18.91,22.82,-41.22
10.45,20.91,-45.92
7.73,18.09,-48.06
-0.45,15.64,-49.39
-0.64,15.82,-49.49
17.09,17.82,-46.12
32.73,19.82,-33.67
34.64,22.91,-27.86
33.36,25.55,-25.61
31.64,27.18,-25.20
28.73,28.55,-26.84
25.09,30.91,-26.73
20.45,34.09,-24.69
17.45,33.73,-27.24
16.00,31.64,-32.76
12.18,30.45,-35.20
4.64,32.27,-33.98
1.00,33.18,-32.76
-1.64,29.00,-38.27
-4.09,25.82,-41.33
-11.73,21.36,-42.96
-13.18,21.18,-42.65
-10.45,18.09,-46.02
-5.36,16.82,-48.47
-9.00,9.27,-51.22
-6.91,0.18,-54.39
-0.18,-14.18,-56.43
0.09,-14.36,-56.22
12.73,-14.82,-55.92
17.91,-12.91,-54.69
30.55,-12.27,-48.47
35.09,-9.09,-45.61
31.09,3.64,-45.92
29.36,5.00,-46.94
25.27,-4.64,-51.43
21.73,-5.27,-53.27
24.00,-3.18,-52.14
24.64,0.00,-51.43
25.00,4.55,-49.90
23.27,5.36,-50.71
17.82,5.18,-52.65
16.27,6.18,-52.76
14.36,19.82,-45.82
8.27,26.00,-41.53
-9.36,18.45,-45.92
-17.00,9.55,-48.16
-17.00,1.18,-50.71
-14.09,-0.27,-52.55
-14.45,-1.91,-52.76
-15.27,-2.09,-52.14
-15.00,-2.91,-52.24
-13.00,-3.64,-53.47
-12.82,-10.27,-53.27
-9.09,-12.18,-54.39
10.64,-10.45,-56.02
15.18,-11.18,-55.51
27.73,-7.55,-50.31
25.55,0.36,-50.71
9.45,11.18,-52.24
14.00,12.55,-50.61
14.36,14.64,-49.29
14.82,14.09,-49.39
16.00,13.91,-49.18
17.64,14.27,-48.27
17.91,11.64,-49.59
13.27,12.82,-50.41
16.18,12.09,-49.90
12.27,22.00,-44.39
13.00,25.18,-41.73
26.55,19.00,-40.61
30.00,13.45,-42.35
37.55,9.55,-37.76
40.91,7.64,-34.08
43.18,4.64,-31.94
41.18,3.09,-36.12
30.18,0.82,-47.65
27.18,1.82,-49.08
29.18,3.64,-47.14
31.09,0.73,-46.94
35.73,-8.09,-44.69
38.36,-10.00,-41.73
42.82,-14.00,-36.22
44.55,-15.45,-33.16
47.36,-15.45,-28.16
48.55,-17.91,-24.80
48.36,-22.73,-22.45
46.82,-24.64,-25.10
46.36,-30.73,-19.90
46.82,-33.82,-12.24
44.73,-37.64,7.04
42.73,-36.18,17.76
28.09,-29.64,43.37
16.91,-27.09,51.02
2.73,-23.82,55.41
-5.00,-24.82,54.59
-17.45,-17.82,53.47
-18.00,-13.91,53.98
-17.27,-4.00,54.29
-19.18,-1.27,53.16
-22.09,0.27,51.53
-22.45,2.55,50.82
-24.18,8.36,47.96
-27.00,9.64,45.10
-37.73,10.91,32.55
-41.27,10.73,26.94
-44.36,9.00,19.18
-46.27,6.45,16.43
-46.36,6.55,14.18
-46.64,4.18,17.45
-45.82,6.45,18.37
-46.73,5.82,13.88
-48.36,2.64,10.31
-48.91,-0.64,10.92
-48.18,-3.45,16.94
-46.27,-2.82,23.78
-43.64,-8.36,30.00
-43.18,-9.18,30.51
-41.36,-8.73,33.67
-41.64,-7.82,33.16
-44.55,-1.64,26.12
-47.18,-0.82,18.88
-41.82,3.00,-25.61
-29.55,-2.27,-42.96
-22.82,-5.73,-48.67
13.09,-7.18,-55.71
18.91,-3.45,-53.67
28.82,1.36,-48.27
31.73,1.73,-46.02
35.55,-0.09,-43.57
38.91,-2.27,-40.31
49.73,-3.27,-23.27
51.82,-5.27,-17.14
54.18,-6.82,-3.47
53.64,-9.91,3.47
48.55,-13.73,23.78
43.36,-15.27,33.16
28.91,-17.00,47.86
16.36,-16.82,53.98
-17.55,-15.45,54.18
-27.27,-13.82,49.08
-32.91,-14.36,44.08
-28.73,-14.64,47.86
-31.73,-18.00,44.49
-37.00,-18.00,38.37
-43.45,-12.73,29.69
-44.27,-11.09,28.88
-49.91,-4.55,3.27
-47.45,-0.18,-11.84
-43.64,-4.09,-24.90
-37.73,-7.09,-34.39
-33.18,-3.82,-39.90
-27.00,-1.73,-45.10
-13.82,-0.27,-52.76
-8.36,-2.18,-54.69
1.82,-9.00,-56.63
5.64,-10.55,-56.73
11.27,-7.09,-56.22
11.45,-6.09,-56.43
19.64,-4.64,-53.98
28.55,-6.18,-50.00
35.45,-8.73,-44.49
43.73,-8.73,-35.20
45.82,-7.00,-31.84
48.36,-4.36,-26.84
49.18,-2.64,-23.57
49.00,-3.82,-24.59
51.27,-6.73,-18.16
53.55,-4.27,-6.02
50.36,-2.00,16.94
46.09,-4.73,28.16
18.09,-4.91,54.18
14.82,-6.73,55.41
-22.18,-7.27,52.45
-29.73,-6.36,47.35
-41.55,-0.27,32.86
-42.27,4.64,28.67
-45.27,12.18,9.29
-44.00,15.73,-2.55
-40.82,18.27,-11.12
-40.64,14.55,-18.27
-41.18,12.55,-19.69
-42.27,10.45,-19.08
-42.73,8.27,-20.41
-43.18,4.82,-21.73
-42.45,6.36,-22.04
-40.64,9.00,-24.39
-40.73,8.27,-24.39
-41.55,5.82,-24.90
-37.73,-0.27,-33.37
-27.64,-3.18,-45.00
-24.27,-3.73,-47.35
-12.45,-11.73,-53.78
-8.36,-12.36,-55.00
8.82,-9.09,-56.63
14.82,-4.82,-55.41
35.27,-0.64,-44.08
39.55,-2.55,-39.80
45.45,-9.27,-32.55
50.18,-6.73,-22.96
53.82,-6.64,-2.45
53.73,-5.73,3.67
49.55,-5.73,21.43
45.09,-8.36,30.51
21.45,-9.36,53.06
-2.55,-7.82,57.96
-14.00,0.73,55.00
-12.91,10.36,52.35
-4.45,34.09,32.55
-1.36,41.55,14.59
-4.82,41.09,-11.73
-0.09,42.09,-7.04
31.91,32.64,6.12
43.18,19.82,12.35
48.91,-14.09,22.76
40.18,-30.09,30.00
19.64,-41.27,39.69
6.00,-37.00,47.96
-27.91,-12.82,48.67
-29.55,-0.64,47.24
-32.55,12.00,39.08
-34.64,14.91,34.69
-31.73,17.09,36.02
-27.55,13.00,43.47
-13.73,18.18,47.96
-4.73,28.27,40.71
8.27,39.45,19.29
13.27,39.36,15.31
18.91,39.82,3.57
17.91,40.18,-2.04
18.82,39.55,4.69
20.73,36.27,16.73
12.36,29.82,36.43
-22.00,21.45,40.61
-33.00,15.73,35.92
-42.73,16.36,14.59
-39.82,22.27,8.67
-29.45,33.18,3.88
-26.36,34.91,3.98
-24.91,33.36,19.69
-16.82,31.64,32.24
12.64,22.45,44.80
31.27,15.36,38.88
44.18,19.82,5.71
35.73,29.82,5.61
29.09,32.82,13.67
34.82,26.27,19.18
46.55,4.18,23.27
43.27,-10.00,33.67
24.45,-34.82,42.24
19.91,-44.09,36.43
20.18,-52.73,21.73
32.18,-49.64,10.00
50.45,-25.73,-8.57
52.91,-6.45,-12.14
42.09,22.45,-11.33
40.45,24.09,-10.92
45.18,17.45,-12.35
45.73,17.82,-7.45
45.55,17.64,-10.10
45.09,19.55,-2.55
41.82,18.82,19.08
34.27,16.45,34.59
6.18,7.73,54.80
-6.82,2.64,56.22
-8.91,-3.36,56.53
-8.91,3.91,55.00
-6.36,28.36,38.98
-4.09,35.27,28.98
11.91,34.64,26.53
16.73,35.27,22.96
20.27,37.09,13.06
22.18,36.55,10.51
25.27,36.55,1.94
24.73,36.55,-1.84
25.55,35.55,-11.12
24.36,34.27,-17.24
14.64,35.09,-25.20
6.82,36.09,-26.12
-6.27,39.55,-14.29
-6.45,41.45,-0.20
12.18,37.91,18.88
20.27,35.73,17.96
8.73,36.45,24.80
-8.36,36.82,22.35
-5.64,40.27,-14.29
11.64,40.45,-11.63
9.27,38.09,21.22
21.64,32.45,34.49
-8.18,31.73,33.98
-5.18,32.36,34.18
2.55,32.64,33.57
26.36,33.18,17.45
32.27,31.91,-9.69
-2.73,36.91,-25.20
-14.36,39.00,-8.88
-11.45,40.36,-1.43
-8.09,40.18,-10.51
-4.27,39.00,-16.43
-0.55,39.36,-15.41
2.82,38.55,-17.45
1.27,38.91,-16.22
-2.09,37.27,-21.12
-4.73,34.73,-26.33
0.64,24.55,-42.24
7.73,18.64,-47.45
2.73,-2.91,-55.61
-6.18,-11.36,-55.00
-10.82,-10.91,-53.78
-10.55,-5.82,-53.88
-15.73,-0.09,-51.53
-13.64,0.18,-52.04
-2.36,-5.55,-55.71
5.45,-7.82,-56.73
1.45,-28.82,-51.84
-6.18,-36.18,-45.92
-34.36,-38.36,-19.59
-46.00,-25.09,-3.27
-45.91,8.27,9.08
-40.18,19.18,10.92
-43.36,13.73,8.67
-46.09,4.55,-8.98
-14.36,8.91,-49.29
-1.18,4.45,-54.49
24.45,-6.27,-51.73
34.18,-14.09,-45.61
45.27,-27.82,-24.39
46.18,-34.00,-9.69
45.36,-33.55,9.90
44.36,-36.27,8.16
30.36,-48.91,-14.39
19.09,-52.73,-21.12
-4.00,-51.91,-27.55
-15.09,-45.09,-33.06
-25.82,-19.45,-44.08
-17.55,-11.82,-50.82
18.00,-2.55,-53.78
24.27,-2.64,-51.53
31.82,-16.55,-46.53
29.91,-27.27,-44.39
6.73,-42.27,-41.84
-5.09,-50.64,-30.00
13.00,-53.82,-23.16
28.27,-39.82,-23.78
38.64,-34.64,-26.63
38.55,-32.09,-31.63
35.73,-30.27,-36.84
20.27,-30.09,-47.96
9.55,-22.00,-54.08
-14.91,9.55,-48.47
-22.27,24.64,-32.24
-22.64,34.55,1.22
-22.64,31.91,15.10
-24.09,20.91,33.37
-28.55,16.82,33.47
-40.91,16.55,7.24
-39.45,14.18,-18.57
-11.55,1.45,-52.65
1.64,-8.09,-56.33
12.73,-22.45,-53.57
12.27,-29.27,-50.82
10.27,-45.91,-37.55
10.45,-50.45,-30.92
11.91,-55.09,-16.53
8.36,-55.82,-13.47
-1.36,-43.64,-40.20
-7.45,-31.36,-48.88
-11.09,-5.45,-53.78
-8.18,4.00,-53.27
-5.36,13.27,-50.10
-1.91,12.00,-51.63
5.82,-10.09,-56.22
13.00,-19.73,-54.29
21.55,-39.27,-38.88
28.55,-43.18,-26.94
35.09,-41.36,-19.59
34.18,-39.36,-25.92
18.00,-25.82,-50.41
7.18,-11.36,-55.71
4.27,12.00,-51.43
11.00,19.36,-46.33
10.00,18.55,-47.45
6.00,8.36,-53.06
7.09,-22.36,-54.08
18.64,-31.91,-46.84
38.45,-32.82,-28.67
42.64,-32.18,-22.04
44.27,-26.36,-24.80
43.36,-20.82,-31.22
34.09,-2.55,-44.59
32.55,1.09,-45.41
34.55,9.73,-40.31
35.09,7.36,-41.02
38.45,-1.55,-40.51
42.27,-9.00,-36.22
52.18,-12.64,-11.02
52.64,-7.18,-2.14
52.00,-3.45,6.53
53.09,-7.27,1.43
52.73,-9.64,-11.33
41.73,-9.55,-37.86
28.64,-3.82,-49.29
6.36,5.55,-53.88
-1.45,5.27,-53.98
-12.73,-13.27,-52.45
-16.18,-25.00,-47.45
-8.91,-35.55,-43.67
-9.27,-34.55,-44.39
-17.73,-14.18,-50.41
-20.55,-0.36,-48.16
-22.82,22.91,-34.39
-26.64,26.00,-26.43
-39.27,16.45,-17.24
-44.36,3.64,-16.43
-47.82,-15.55,2.55
-45.55,-15.82,17.14
-44.91,-9.09,22.45
-47.09,-2.27,14.08
-39.64,20.55,-6.63
-29.91,29.09,-13.98
-29.00,31.82,-5.61
-34.55,27.27,5.51
-29.27,23.27,28.57
-27.82,20.73,32.45
-40.09,10.91,23.67
-46.45,5.09,8.27
-35.09,9.27,-32.14
-21.09,12.18,-43.67
0.36,18.91,-47.24
12.00,22.27,-43.88
19.91,22.36,-40.71
24.55,23.64,-36.73
33.09,27.82,-21.22
37.55,27.45,-8.37
48.45,12.00,7.45
48.91,7.00,13.98
47.64,-1.09,24.18
42.18,-1.64,32.96
12.91,-11.27,55.00
-0.36,-19.64,55.31
-16.82,-26.09,48.78
-19.36,-23.64,48.78
-20.18,-14.09,49.69
-14.00,-12.91,52.45
17.55,-12.09,52.76
35.82,2.55,38.78
35.55,28.55,-9.69
21.73,35.00,-18.47
17.27,39.91,-5.71
27.09,35.73,-1.84
50.64,8.18,-3.98
53.73,-10.36,-2.76
44.36,-38.45,-6.84
31.82,-50.55,-3.27
24.18,-54.27,3.37
8.73,-52.73,25.51
-1.64,-46.00,37.45
-18.45,-24.36,48.57
-17.00,-11.00,52.55
-8.45,18.18,46.84
-0.55,29.73,37.24
7.91,40.27,13.27
14.18,40.27,8.37
32.82,31.73,1.33
43.27,21.73,-3.78
50.73,-5.27,-19.39
46.55,-19.27,-27.45
34.82,-36.55,-31.94
26.64,-37.27,-39.08
14.82,-22.64,-52.86
12.82,-10.00,-55.31
21.64,7.09,-49.80
31.55,13.73,-40.10
38.82,24.09,-16.63
31.27,32.64,-0.20
12.82,32.55,29.69
3.00,19.27,46.22
-20.73,-4.73,49.39
-23.00,-9.82,48.67
-4.64,-15.09,54.90
9.09,-22.27,52.86
33.36,-37.82,30.00
39.55,-39.18,18.27
46.27,-16.00,26.33
47.36,-1.00,22.76
28.09,20.91,34.29
11.64,19.36,43.98
-2.64,19.00,43.78
15.27,25.45,35.20
36.27,27.82,-11.53
27.36,25.36,-33.06
7.82,29.45,-37.24
7.00,33.27,-31.43
19.73,35.27,-20.82
29.36,33.55,-10.20
16.64,34.64,24.39
3.82,33.09,32.65
11.27,32.73,33.27
27.55,33.00,15.82
25.09,27.82,-31.02
9.18,31.00,-34.18
-11.18,39.27,-10.31
-9.27,40.36,3.57
-10.82,40.00,1.84
-4.64,40.00,-12.96
28.82,33.91,-9.18
40.09,28.73,32.76
2.64,22.18,43.88
-28.45,15.64,36.33
-32.64,19.91,27.24
-33.18,26.55,13.88
-32.00,29.55,8.16
-27.09,33.55,1.33
-24.82,34.82,6.73
-4.09,32.36,32.04
12.91,26.55,37.14
38.73,22.27,16.02
40.73,24.36,-1.94
22.73,29.45,-30.10
7.73,33.09,-31.33
-8.64,39.82,-7.45
-8.73,40.27,4.08
-9.09,39.00,12.14
-6.73,39.55,9.90
3.91,39.64,12.24
7.82,38.64,14.29
11.27,36.91,18.27
10.36,38.36,16.63
10.64,41.18,3.98
5.91,41.73,7.65
2.82,40.82,12.35
-1.09,37.45,22.55
-20.18,31.27,23.47
-25.82,30.91,15.41
-28.55,31.73,5.31
-27.73,31.91,2.14
-26.73,33.18,-0.10
-20.64,36.09,-7.45
0.82,39.82,-16.02
12.82,40.00,-11.33
30.00,32.09,11.73
30.73,23.82,28.78
20.45,1.91,50.51
13.18,-11.00,54.29
5.27,-30.82,49.80
10.09,-38.18,44.08
21.73,-43.91,33.16
25.55,-42.36,32.24
29.00,-40.09,31.73
26.18,-40.36,34.08
17.82,-47.00,30.71
13.36,-50.64,28.16
1.27,-55.09,22.86
-1.64,-55.00,23.37
-5.36,-51.64,29.49
-6.09,-49.73,32.86
-6.82,-49.82,32.24
-5.73,-50.45,31.43
-0.64,-54.27,24.69
2.09,-56.64,19.08
7.91,-56.45,18.16
11.36,-53.09,25.71
12.64,-51.27,28.37
8.09,-47.27,36.84
1.18,-53.36,27.86
-8.64,-58.18,2.04
-9.09,-56.09,-15.20
10.64,-52.09,-27.35
20.55,-52.73,-18.57
25.36,-52.09,5.71
23.00,-50.45,19.59
11.00,-53.73,23.78
14.82,-53.82,21.02
27.36,-50.27,-13.37
15.45,-50.36,-27.76
-12.82,-54.45,-16.73
-13.55,-57.00,0.20
10.91,-52.55,27.55
22.00,-47.73,28.47
30.45,-46.09,22.24
29.45,-46.91,21.94
19.36,-51.36,24.18
12.73,-51.36,28.47
13.09,-52.00,27.35
17.55,-51.73,24.80
20.00,-51.55,22.96
21.36,-51.82,21.02
15.55,-58.27,3.47
11.82,-59.00,-4.29
13.73,-58.09,-6.94
19.45,-56.27,-8.37
25.64,-50.64,-17.76
25.91,-49.36,-20.82
14.91,-48.00,-32.86
3.73,-48.64,-34.49
-0.82,-50.00,-32.45
4.18,-50.18,-31.73
9.27,-49.55,-32.24
11.18,-50.36,-29.69
10.82,-55.64,-18.98
7.18,-57.91,-11.63
-7.00,-58.82,2.35
-16.18,-56.00,2.14
-25.64,-49.45,-12.65
-29.91,-45.73,-13.67
-32.27,-41.64,-18.27
-29.27,-41.09,-23.88
-22.36,-37.18,-36.84
-19.73,-35.00,-40.61
-14.00,-39.64,-39.90
-12.18,-42.27,-38.57
-15.27,-39.18,-39.90
-16.09,-39.55,-39.29
-23.00,-40.73,-32.55
-33.64,-40.45,-17.96
-37.00,-40.55,-5.31
-33.09,-43.36,14.18
-28.09,-45.36,22.14
-16.64,-41.55,37.65
-10.64,-38.82,42.65
0.64,-37.64,45.61
5.55,-35.27,46.84
10.73,-37.09,44.49
13.00,-35.36,44.80
12.27,-36.27,44.29
10.09,-38.36,43.37
-2.27,-38.00,44.90
-9.27,-34.82,46.63
15.55,5.82,52.24
4.82,2.82,55.71
4.36,-10.27,56.22
16.45,4.36,51.84
22.00,21.82,38.67
15.18,12.00,48.98
9.09,-2.09,55.41
6.55,-7.73,56.22
-1.73,-18.55,56.02
-7.09,-21.64,54.80
-14.36,-23.00,52.45
-16.55,-23.91,51.43
-22.82,-19.82,49.80
-25.45,-12.91,49.49
-26.82,4.18,46.63
-28.45,12.18,41.33
-32.82,22.09,25.82
-34.55,22.91,21.73
-36.55,21.27,20.61
-37.09,20.00,20.71
-37.64,17.18,24.49
-37.45,16.18,26.43
-37.18,14.09,29.39
-36.55,12.64,31.22
-34.45,8.36,37.14
-34.27,6.00,39.39
-34.09,2.91,40.82
-33.27,1.18,41.94
-31.36,-0.91,44.80
-30.18,-1.45,45.31
-30.09,-2.27,45.92
-30.09,-2.91,45.61
-29.00,-4.36,47.04
-28.18,-4.82,47.76
-27.73,-5.18,48.47
-27.45,-5.27,48.16
-26.45,-5.36,48.57
-26.55,-5.73,49.08
-26.27,-7.18,49.29
-25.55,-8.09,49.69
-15.55,-13.27,54.59
-4.64,-17.91,56.33
15.09,-27.64,50.82
15.82,-32.55,47.55
20.73,-41.09,38.57
25.55,-49.09,22.24
25.27,-52.64,12.86
27.64,-50.64,-16.84
25.82,-39.91,-37.24
24.64,-26.73,-47.65
26.73,-29.36,-45.00
40.64,-33.82,-27.24
45.55,-35.64,-8.57
38.64,-29.91,31.73
36.45,-26.45,36.63
33.36,-21.73,41.84
34.09,-18.82,41.94
33.18,-0.73,42.76
31.55,3.91,42.65
30.27,-2.55,45.20
34.09,-8.64,42.45
44.91,-11.73,29.08
52.36,-10.36,9.49
45.91,3.00,-28.06
36.00,18.82,-29.69
21.00,37.00,1.94
17.82,34.82,16.53
12.82,35.00,19.69
8.55,40.18,-2.55
38.45,15.55,-30.51
47.91,12.18,-9.90
38.09,21.82,23.37
24.45,25.45,36.53
10.27,32.91,33.88
26.91,28.91,28.78
48.27,9.18,-18.67
37.00,10.18,-37.86
13.27,24.00,-42.35
7.00,29.73,-36.94
-2.82,29.36,-36.02
-6.27,24.18,-40.82
2.55,3.55,-53.67
21.00,-7.36,-52.14
52.00,-11.82,-6.53
44.82,1.82,23.57
18.55,17.09,42.14
3.09,21.00,44.59
-22.91,22.36,36.33
-27.82,24.09,30.00
-30.18,21.91,30.71
-30.00,18.18,34.59
-37.00,17.82,25.10
-35.00,20.64,24.69
-24.36,35.18,6.33
-14.27,38.91,-9.90
2.82,33.73,-31.02
5.36,28.45,-38.47
2.64,14.09,-50.71
2.64,-3.82,-55.61
4.36,-10.55,-56.43
0.82,-8.45,-56.12
4.64,2.73,-55.00
24.55,32.82,-21.94
27.18,35.36,4.49
20.73,22.55,38.16
17.00,18.36,44.49
15.73,18.91,43.98
19.27,20.91,40.61
17.64,22.45,40.10
7.45,22.45,43.57
0.82,18.45,47.04
-0.82,15.55,49.18
16.73,-6.09,53.57
19.36,-15.27,52.35
19.64,-25.27,49.90
14.45,-25.55,51.43
9.36,-31.00,50.51
2.00,-31.36,50.92
-10.91,-27.18,51.53
-17.64,-29.36,47.35
-32.64,-31.64,32.65
-35.55,-33.45,26.22
-37.09,-37.36,13.88
-38.55,-36.36,10.10
-42.09,-30.27,-7.96
-45.09,-21.73,-10.00
-42.82,-4.18,-24.08
-37.91,9.36,-27.55
-30.09,30.36,-8.37
-28.55,32.55,6.73
-29.82,28.36,20.10
-26.55,32.27,16.22
-28.64,29.18,-16.94
-37.00,13.73,-25.20
-48.36,-15.55,0.00
-46.64,-17.64,16.73
-37.73,-3.55,37.86
-31.55,8.45,41.33
-28.18,16.27,38.98
-32.91,17.36,32.45
-26.18,27.36,27.04
-28.36,30.18,17.65
-37.00,23.36,-8.88
-36.73,17.27,-22.04
-42.55,9.09,-17.86
-43.09,7.55,-16.73
-46.36,-2.45,-13.27
-47.45,-9.00,-9.59
-46.73,-17.55,-3.88
-46.82,-18.82,-3.16
-46.64,-13.45,-12.35
-45.27,-5.55,-18.06
-36.73,16.55,-22.76
-26.18,32.64,-10.00
-22.91,35.64,-0.20
-12.55,39.27,7.35
-10.18,39.27,9.59
-2.55,37.18,20.41
-0.09,35.09,26.22
-6.82,26.00,38.98
-6.73,21.55,43.57
-6.00,13.36,49.59
-5.55,7.82,52.35
-2.00,6.45,53.27
4.00,8.18,52.86
27.45,3.09,46.02
39.45,-3.82,36.12
50.09,-20.64,12.76
50.36,-24.18,7.04
50.18,-24.91,-11.53
49.09,-13.36,-23.78
44.64,17.36,-10.20
43.55,19.82,-1.02
41.73,19.18,12.45
42.73,13.64,19.49
46.18,-5.00,25.10
46.27,-13.36,25.82
45.91,-21.64,23.88
45.45,-20.27,25.10
42.82,-12.18,32.55
42.82,-3.27,32.24
43.27,10.27,22.96
45.45,15.18,9.29
49.18,4.55,-18.16
51.18,-7.09,-18.78
52.55,-18.82,-2.55
52.82,-17.09,-1.73
52.00,-19.27,-9.49
52.18,-20.00,-7.76
52.00,-20.64,-7.76
51.73,-20.64,-7.35
53.00,-12.82,-0.82
52.82,-4.45,0.00
46.73,14.64,-1.33
36.73,28.00,0.71
15.00,38.45,-14.69
15.82,34.91,-25.51
22.55,22.82,-39.29
20.45,23.09,-40.10
18.91,28.36,-34.90
18.82,33.55,-25.82
30.55,32.91,-3.57
39.64,25.27,-1.02
51.27,5.00,-7.96
50.55,-0.55,-18.98
41.36,1.36,-36.73
41.64,1.73,-36.12
43.36,-0.09,-34.59
48.27,4.91,-2.76
49.27,5.45,14.29
34.91,-3.82,41.63
22.36,-11.64,50.51
15.00,-24.73,50.31
14.09,-30.18,47.76
40.82,-24.27,31.63
49.27,-9.91,20.82
38.91,25.82,7.14
21.64,37.82,6.33
-17.27,38.45,-2.35
-26.00,32.09,-11.73
13.64,29.36,-34.80
31.91,32.18,-1.84
12.27,26.27,37.35
7.18,24.73,39.49
27.55,32.73,13.78
35.91,27.09,-14.69
9.91,18.18,-46.73
-9.18,18.73,-44.69
-23.27,18.55,-36.53
-25.55,23.18,-29.29
-24.55,28.55,-23.06
-24.73,29.18,-19.80
-22.82,33.27,-10.61
-20.55,34.09,-12.04
-19.82,33.18,-15.51
-18.18,35.18,-13.67
-1.55,36.27,-25.00
2.00,36.00,-25.61
7.64,38.45,-17.86
3.82,40.36,-4.90
-25.00,31.91,2.35
-32.36,24.82,-9.18
-35.82,12.09,-25.51
-34.00,12.45,-28.67
-28.00,16.82,-33.27
-24.27,16.82,-37.55
-9.73,22.82,-41.22
2.09,24.55,-42.35
21.36,30.55,-29.08
24.18,34.73,-16.33
10.27,38.27,18.27
-4.18,33.64,31.94
-31.55,19.91,31.84
-34.36,20.09,28.06
-14.45,36.36,23.37
7.36,42.82,0.92
-2.55,28.09,-39.18
-15.36,22.27,-40.20
-26.36,21.82,-32.24
-14.45,25.36,-37.86
29.45,32.45,-13.37
31.18,30.27,14.49
17.55,18.45,42.55
15.18,7.73,48.16
17.27,3.64,48.98
29.27,-6.18,45.10
38.73,-13.00,36.63
35.00,-29.82,35.92
22.00,-35.18,42.86
-2.64,-37.09,47.04
-14.91,-31.18,47.65
-19.55,-21.27,48.78
-8.36,-22.73,53.06
29.45,-23.36,44.59
41.55,-10.09,35.51
36.82,22.64,20.41
30.64,30.73,12.04
21.73,36.91,-11.12
19.27,35.36,-20.41
12.36,36.09,-23.98
14.36,37.55,-18.98
20.73,34.73,14.08
7.09,25.55,35.51
3.00,-0.27,48.67
9.09,-9.55,50.61
23.18,-27.64,44.59
30.55,-37.73,32.35
33.45,-47.82,9.18
33.73,-48.45,1.73
34.45,-47.45,-6.73
35.36,-46.91,-5.31
40.73,-37.55,19.80
45.36,-20.00,27.76
40.09,20.91,16.53
27.36,33.00,14.29
9.91,37.36,23.06
5.45,35.91,28.06
-0.27,26.09,43.27
-2.91,21.82,47.76
-9.55,13.45,52.55
-12.73,9.27,53.67
-12.27,1.45,56.33
-7.00,1.36,57.04
-10.91,-1.27,57.14
-17.18,1.55,54.49
-20.18,-2.09,53.78
-14.64,-5.36,56.43
-15.55,-4.00,56.02
-16.64,-3.27,55.51
-15.36,-4.00,56.22
-16.18,-3.45,55.71
-15.64,-3.91,56.02
-16.00,-3.64,55.92
-15.73,-3.45,55.92
-15.64,-3.73,55.92
-15.73,-3.55,55.92
-15.91,-3.73,56.02
-15.82,-3.45,55.82
-16.09,-3.64,56.02
-15.91,-3.55,55.71
-15.82,-3.36,55.71
-15.82,-3.73,55.92
-15.55,-3.55,56.02
-15.73,-3.55,56.02
-15.73,-3.64,55.92
-15.82,-3.55,56.02
-16.00,-3.64,55.71
-16.09,-3.55,55.71
-15.73,-3.55,55.82
-15.91,-3.45,55.92
-15.82,-3.55,55.82
-15.91,-3.45,55.92
-15.73,-3.73,55.92
-15.73,-3.64,56.12
-15.82,-3.36,55.82
-16.09,-3.64,55.82
-15.91,-3.64,56.02
-15.82,-3.45,56.12
-15.73,-3.45,55.92
-15.55,-3.73,56.22
-15.82,-3.64,56.02
-15.91,-3.55,55.92
-15.82,-3.73,55.82
-15.73,-3.64,55.71
-15.82,-3.64,55.82
3420.7311758891547,3.012125495393577
-1722.09,2955.64,3.00,-0.27